1 0
2 0.0213
3 0
4 0
5 0.076
6 0.052
7 0.208
8 0.9773
9 2
10 2
11 1.2427
12 1.4493
13 0.5267
14 0.2587
15 -999
16 -999
17 -999
18 0.0533
19 0.1947
20 0.7133
21 0.2693
22 0.0027
23 0.1267
24 0.392
25 0.2133
26 0.1813
27 0.1587
28 0.216
29 0.076
30 0.1013
31 0.6213
32 0.384
33 2
34 0.7587
35 0.2613
36 0.1813
37 0.2133
38 0.0413
39 0
40 0.0293
41 0
42 0.052
43 0.2653
44 0.2693
45 0.2333
46 1.096
47 0.7667
48 0.096
49 0.1693
50 0.4053
51 1.064
52 0.8787
53 1.0587
54 1.3053
55 1.1493
56 0.3
57 0.0467
58 0.0
59 0.1707
60 0.5933
61 1.248
62 2
63 2
64 2
65 2
66 1.0547
67 0.3093
68 0.008
69 0.0533
70 0.0653
71 0.3147
72 0.2693
73 0.5507
74 1.0067
75 1.98
76 2
77 0.6933
78 -999
79 -999
80 -999
81 0.188
82 1.0133
83 1.8813
84 1.676
85 1.3493
86 1.1347
87 0.264
88 0.7493
89 0.488
90 0.0147
91 0.188
92 0.8187
93 0.5467
94 0.0
95 0.5693
96 1.3213
97 -999
98 2
99 2
100 1.596
101 0.9093
102 0.6547
103 0.3667
104 0.2013
105 0.0
106 -999
107 0.1213
108 0.464
109 0.384
110 1.1947
111 -999
112 0.0427
113 0.3187
114 0.0
115 -999
116 -999
117 -999
118 -999
