1 0.0653
2 0.0
3 0.0
4 0.0
5 0.0
6 0.0
7 0.0
8 0.0267
9 0.0
10 0.0267
11 0.0
12 0.0
13 0.0133
14 0.052
15 0.0267
16 0.2733
17 0.4027
18 0.1693
19 1.4027
20 1.0387
21 0.0907
22 0.0133
23 0.0
24 0.0
25 -999
26 0.0133
27 0.0
28 0.0133
29 0.0
30 0.0
31 0.052
32 0.2333
33 1.2853
34 2
35 1.844
36 1.4413
37 0.728
38 1.48
39 0.1427
40 0.0133
41 0.0653
42 0.0387
43 0.0133
44 0.0133
45 0.0
46 0.0133
47 0.104
48 0.0133
49 0.0
50 0.0
51 0.0
52 0.0267
53 0.0
54 0.0133
55 0.0773
56 0.0133
57 0.0133
58 0.0133
59 0.0267
60 0.0387
61 0.0
62 0.0
63 0.0133
64 0.0133
65 0.0
66 0.0133
67 0.0133
68 0.0
69 0.0
70 0.0
71 0.0
72 0.1173
73 0.7147
74 0.364
75 0.5453
76 1.312
