1 -999
2 -999
3 0.024
4 0.108
5 -999
6 -999
7 1.004
8 1.59
9 -999
10 -999
11 -999
12 -999
13 0.374
14 0.016
15 0.116
16 0.504
17 -999
18 0.712
19 0.068
20 -999
21 0.904
22 0.642
23 -999
24 1.702
25 -999
26 0.532
27 -999
28 -999
29 -999
30 1.238
31 -999
32 0.0
33 0.0
34 -999
35 -999
36 0.752
37 -999
38 -999
39 -999
40 -999
41 0.136
42 1.152
43 1.558
44 1.848
45 2.0
46 2.0
47 2.0
48 1.712
49 -999
50 -999
51 -999
52 0.758
53 0.794
54 1.116
55 -999
56 0.904
57 0.614
58 -999
59 -999
60 -999
61 -999
62 -999
63 0.996
64 -999
65 0.71
66 1.052
67 -999
68 -999
69 -999
70 -999
71 0.634
72 0.29
