1 -999
2 -999
3 0.0
4 0.078
5 1.0
6 0.0
7 -999
8 -999
9 0.068
10 -999
11 -999
12 0.0
13 -999
14 0.426
15 -999
16 2.0
17 -999
18 -999
19 2.0
20 0.1
21 2.0
22 0.18
23 -999
24 -999
25 0.84
26 0.69
27 1.784
28 0.03
29 0.0
30 -999
31 0.29
32 0.0
33 2.0
34 -999
35 -999
36 -999
37 2.0
38 2.0
39 2.0
40 -999
41 -999
42 0.09
43 -999
44 -999
45 -999
46 0.0
47 0.336
48 0.268
49 0.116
50 -999
51 -999
52 -999
53 -999
54 -999
55 -999
56 0.048
57 -999
58 2.0
59 0.908
60 -999
61 0.078
62 0.09
63 0.0
64 0.168
65 -999
66 0.168
67 -999
68 -999
69 -999
70 -999
71 0.0
72 0.218
73 -999
74 1.832
