1 -999
2 -999
3 -999
4 -999
5 0.592
6 -999
7 0.63
8 -999
9 -999
10 -999
11 0.014
12 -999
13 -999
14 -999
15 0.088
16 0.222
17 -999
18 0.038
19 0.156
20 -999
21 0.844
22 -999
23 -999
24 0.406
25 -999
26 0.406
27 0.256
28 -999
29 1.022
30 0.372
31 1.062
32 -999
33 2.0
34 0.708
35 0.142
36 0.128
37 0.082
38 -999
39 0.67
40 2.0
41 2.0
42 2.0
43 -999
44 -999
45 -999
46 -999
47 0.312
48 0.116
49 0.106
50 0.258
51 -999
52 0.132
53 -999
54 2.0
55 2.0
56 2.0
57 0.172
58 -999
59 -999
60 -999
61 -999
62 0.34
63 -999
64 -999
65 0.278
66 -999
67 0.24
68 0.138
69 -999
70 -999
71 -999
72 -999
73 -999
74 2.0
75 2.0
76 -999
77 0.374
78 -999
79 -999
80 0.034
81 0.218
82 -999
83 -999
84 0.052
85 0.264
86 -999
87 0.142
88 0.93
89 -999
90 -999
91 0.052
92 0.222
93 0.042
94 0.168
95 -999
