1 0.937
2 0.034
3 0.098
4 0.025
5 0.0
6 0.033
7 0.028
8 0.103
9 0.27
10 0.265
11 0.219
12 0.267
13 0.985
14 0.42
15 0.13
16 0.377
17 0.303
18 0.041
19 0.004
20 0.164
21 0.084
22 0.0
23 0.0
24 0.111
25 0.027
26 0.034
27 0.031
28 0.03
29 0.084
30 0.0
31 0.145
32 0.036
33 0.028
34 0.07
35 0.112
36 0.167
37 0.023
38 0.007
39 0.044
40 0.959
41 0.768
42 1.0
43 0.091
44 1.0
45 0.479
46 0.839
47 0.815
48 0.628
49 1.0
50 0.156
51 1.0
52 0.059
53 0.044
54 0.067
55 0.154
56 0.178
57 0.221
58 0.436
59 0.763
60 0.231
61 0.027
62 0.146
63 0.036
64 0.267
65 0.146
