1 0.54
2 0.267
3 0.044
4 0.155
5 0.348
6 0.388
7 0.77
8 0.172
9 0.157
10 0.194
11 0.1
12 0.541
13 0.16
14 0.295
15 0.564
16 0.429
17 0.137
18 0.995
19 0.516
20 0.786
21 0.928
22 0.12
23 1.0
24 0.346
25 0.0
26 0.378
27 0.107
28 0.068
29 0.072
30 0.807
31 1.0
32 1.0
33 0.244
34 0.363
35 0.66
36 0.182
37 0.0
38 0.105
39 0.23
40 0.738
41 0.308
42 0.161
43 0.043
44 0.012
45 0.098
46 0.043
47 0.041
48 0.08
49 0.784
50 0.268
51 0.1
52 0.147
53 0.0
54 0.172
55 0.128
56 0.315
57 0.112
58 0.142
59 0.84
60 0.512
61 0.135
62 0.006
63 0.218
64 0.041
65 0.217
66 0.0
67 0.15
68 0.128
69 0.078
70 0.394
71 0.044
72 0.46
73 0.582
74 1.0
75 0.329
76 0.317
77 0.32
