1 0.033
2 0.0
3 0.0
4 0.038
5 0.0
6 0.226
7 0.0
8 0.318
9 0.0
10 0.23
11 0.0
12 0.15
13 0.175
14 0.296
15 0.263
16 1.0
17 0.855
18 0.745
19 0.541
20 0.258
21 0.516
22 0.022
23 0.0
24 0.033
25 0.099
26 0.043
27 0.165
28 0.142
29 0.0
30 0.0
31 0.12
32 0.0
33 0.0
34 1.0
35 1.0
36 1.0
37 1.0
38 0.713
39 0.822
40 0.0
41 0.296
42 0.0
43 0.0
44 0.0
45 0.0
46 0.0
47 0.0
48 0.0
49 0.0
50 0.411
51 0.065
52 0.015
53 0.0
54 0.0
55 0.054
56 0.033
57 0.0
58 0.066
59 0.0
60 0.0
61 0.194
62 0.0
63 0.0
64 0.078
65 0.022
66 0.0
67 0.423
68 0.096
69 1.0
70 0.0
71 0.0
72 0.033
73 0.119
74 0.075
