1 0.042
2 0.0
3 0.004
4 0.008
5 0.027
6 0.013
7 0.003
8 0.408
9 0.0
10 0.005
11 0.0
12 0.103
13 0.024
14 0.065
15 0.062
16 0.021
17 0.004
18 0.027
19 0.046
20 0.229
21 0.463
22 0.02
23 0.072
24 0.023
25 0.399
26 0.024
27 0.109
28 0.084
29 0.146
30 0.13
31 0.803
32 1.0
33 0.743
34 1.0
35 0.008
36 0.033
37 0.024
38 0.142
39 0.413
40 0.161
41 0.284
42 0.903
43 0.038
44 0.06
45 0.132
46 0.0
47 0.038
48 0.007
49 0.004
50 0.018
51 0.024
52 0.019
53 0.121
54 0.322
55 0.103
56 0.178
57 0.014
58 0.014
59 0.018
60 0.076
61 0.051
62 0.007
63 0.012
64 0.052
65 0.0
66 0.012
67 0.068
68 0.025
69 0.094
70 0.535
71 0.42
72 0.676
73 0.017
74 0.0
75 0.02
76 0.009
77 0.007
78 0.0
79 0.018
80 0.004
81 0.01
82 0.0
83 0.0
84 0.0
85 0.0
86 0.019
87 0.011
88 0.009
89 0.008
90 0.024
91 0.026
92 0.002
93 0.008
94 0.004
95 -999
