1 0.139
2 0.07
3 0.099
4 0.012
5 0.012
6 0.046
7 0.15
8 0.074
9 0.2
10 0.252
11 0.127
12 0.259
13 1.0
14 0.907
15 1.0
16 1.0
17 1.0
18 1.0
19 0.507
20 0.15
21 0.069
22 0.0
23 0.0
24 0.079
25 0.296
26 0.029
27 0.048
28 0.221
29 0.047
30 0.166
31 0.773
32 1.0
33 1.0
34 1.0
35 1.0
36 0.621
37 0.088
38 0.039
39 0.019
40 0.255
41 0.111
42 0.991
43 0.723
44 0.204
45 0.0
46 0.505
47 0.238
48 0.016
49 0.234
50 0.006
51 0.081
52 0.201
53 0.068
54 0.086
55 0.006
56 0.01
57 0.0
58 0.079
59 0.031
60 0.041
61 0.053
