1 0.066
2 0.0
3 0.0
4 0.076
5 0.0
6 0.452
7 0.0
8 0.636
9 0.0
10 0.46
11 0.0
12 0.3
13 0.35
14 0.592
15 0.526
16 2.0
17 1.71
18 1.49
19 1.082
20 0.516
21 1.032
22 0.044
23 0.0
24 0.066
25 0.198
26 0.086
27 0.33
28 0.284
29 0.0
30 0.0
31 0.24
32 0.0
33 0.0
34 2.0
35 2.0
36 2.0
37 2.0
38 1.426
39 1.644
40 0.0
41 0.592
42 0.0
43 0.0
44 0.0
45 0.0
46 0.0
47 0.0
48 0.0
49 0.0
50 0.822
51 0.13
52 0.03
53 0.0
54 0.0
55 0.108
56 0.066
57 0.0
58 0.132
59 0.0
60 0.0
61 0.388
62 0.0
63 0.0
64 0.156
65 0.044
66 0.0
67 0.846
68 0.192
69 2.0
70 0.0
71 0.0
72 0.066
73 0.238
74 0.15
