1	1.067
2	0.009
3	0.13
4	0.205
5	0.738
6	0.856
7	0.131
8	0.372
9	0.795
10	0.905
11	0.183
12	0.12
13	0
14	0.067
15	0
16	0.513
17	1.461
18	2.426
19	2.704
20	3.713
21	2.321
22	0.901
23	0.075
24	0.042
25	0.053
26	0.044
27	0.102
28	0.071
29	0.229
30	0.43
31	0.519
32	0.228
33	0
34	0
35	0
36	0
37	0
38	0
39	0
40	0.098
41	0.38
42	0.357
43	0.508
44	0.305
45	0.347
46	0.336
47	0.343
48	0.324
49	0.111
50	0.001
51	0
52	0.277
53	0.376
54	0.905
55	0
56	1.727
57	1.547
58	1.103
59	0.54
60	0.421
61	0.417
62	0.308
63	0.201
64	1.111
65	0.381
66	0.152
67	0.117
68	0.25
69	0.426
70	0.797
71	1.133
72	0.584
73	0.452
74	0.844
75	0.98
76	1.343
77	1.524
78	1.256
79	0.692
80	0.216
81	0.072
82	0.008
83	0.052
84	0.025
85	0.047
86	0.037
87	0
88	0
89	0.257
90	1.639
91	1.866
92	1.082
93	0.666
94	1.146
95	0.91
96	0.424
97	0.136
98	0.07
99	0.001
100	0.092
101	0.063
102	0.05
103	0.374
104	0.683
105	1.804
106	2.297
107	0.796
108	0.43
109	0.143
110	0
111	0.049
112	0.406
113	0.207
114	0.467
115	0.339
116	0.494
117	0.298
118	0.277
119	0.162
120	0.26
121	0.315
122	0.27
123	0.134
124	0
125	0
126	0
127	0.02
128	0.062
129	0.018
130	0.013
131	0.025
132	0
133	0.036
134	0.027
135	0
136	0
137	0.187
138	0.475
139	1.328
140	0.801
141	0.169
142	0.119
143	0.213
144	0.717
145	1.874
146	1.512
147	0.571
148	0
149	0.002
150	0.039
151	0.122
152	0
153	0
154	0.363
155	0.581

