1	0.042
2	0
3	0
4	0
5	0
6	0
7	0.077
8	0
9	0
10	0.04
11	0
12	0.016
13	0.067
14	0.044
15	0
16	0.089
17	-999
18	0.365
19	0.178
20	0.136
21	0
22	0.159
23	0.094
24	0.59
25	0.497
26	1.296
27	0.32
28	0.25
29	0.059
30	0
31	0
32	0
33	0
34	0.37
35	1.496
36	3.362
37	0.843
38	1.227
39	0.432
40	0.138
41	0.023
42	0.05
43	0.103
44	0.134
45	0.006
46	0.329
47	1.574
48	0.767
49	0.79
50	0.217
51	0.128
52	0.354
53	0.851
54	0.296
55	0.2
56	1.246
57	0.302
58	0.236
59	0.516
60	0.356
61	0.244
62	0
63	0.034
64	0.055
65	0.227
66	0.262
67	0.188
68	0.207
69	0.001
70	0
71	0
72	0.046
73	0.069
74	0.957
75	1.039
76	2.126
77	2.711
78	2.9
79	0.464
80	0.127
81	0.02
82	0.005
83	0.234
84	0.143
85	0.114
86	0.259
87	0.073
88	0.217
89	0.182
90	0.114
91	0.421
92	0.801
93	0.139
94	0.03
95	0
96	0.549
97	0.412
98	0.976
99	0.306
100	0.014
101	0.252
102	0.182
103	0.134
104	0.068
105	0.362
106	0.126
107	0.098
108	0.066
109	0.463
110	1.45
111	0.335
112	0.193
113	0.966
114	0.048
115	1.8
116	0.156
117	1.304
118	1.641
119	1.527
120	1.403
121	0.839
122	0.69
123	0.257
124	0.15
125	0.139
126	-999
127	0.246
128	-999
129	-999
130	1.353
131	4.267
132	1.765
133	2.637
134	0.824
135	0.244
136	0.138
137	0
138	0.623
139	0.417
140	0.26
141	0.105
142	0.233
143	0.078
144	0.116
145	0.331
146	0.795
147	1.75
148	4.514
149	3.718
150	3.397
151	0.726
152	0.166
153	0.173
154	0
155	0
156	0.056
157	0.542
158	-999
159	-999
160	0.258
161	0.044
162	-999
163	0.028
164	0.251
165	0.084
166	0.009
167	0
168	0
169	0
170	0.006
171	0.223
172	0.739
173	0.504
174	0.457
175	0.544
176	0.529
177	0.463
178	0.322
179	0.015
180	0
181	0.154
182	0.466
183	0.966
184	1.335
185	0.299
186	0.062
187	0.25
188	0.025
189	0
190	0
191	-999
192	0.593
193	0.09
194	0.047
195	0.12
196	-999
197	0.044
198	0.316
199	1.318
200	1.252
201	0.841
202	0.327
203	1.267
204	1.435
205	1.612
206	0.133
207	-999
208	-999
209	-999
210	-999
211	-999
212	-999
213	1.553
214	2.134
215	1.347
216	0.84
217	0.349
218	0.023
219	0
220	0
221	-999
222	0.274
223	0.144
224	0.035
225	0.026
226	0.295
227	1.587
228	2.527
229	1.608
230	-999
231	0.364
232	0.359
233	0.145
234	0.689
235	1.571
236	0.638
237	0.024
238	0
239	0
240	0.173
241	0.632
242	-999
243	0.799
244	0.869
245	0.092
246	0
247	0
248	0.219
249	0.022
250	0.689
251	1.954
252	3.589
253	0.872
254	0.135
255	0.544
256	0.301
257	0
258	-999
259	0.226
260	0.275
261	0.334
262	0
263	-999
264	0.243
265	0.182
266	0.104
267	0.392
268	-999
269	-999
270	0.625
271	0.146
272	0.091
273	0.322
274	0.48
275	0.63
276	0.26
277	-999
278	0.543
279	0.062
280	0
281	0.338
282	0.64
283	0.447
284	0.167
285	0.777
286	0.022
287	0.172
288	0.591
289	0.676
290	0.066
291	1.663
292	0
293	-999
294	0.242
295	0.348
296	0.153
297	-999
298	1.626
299	0.995
300	0.812
301	0.956

