1	-999
2	-999
3	-999
4	-999
5	-999
6	-999
7	-999
8	-999
9	-999
10	-999
11	-999
12	-999
13	-999
14	-999
15	-999
16	-999
17	-999
18	-999
19	-999
20	-999
21	-999
22	-999
23	-999
24	-999
25	-999
26	-999
27	-999
28	-999
29	-999
30	-999
31	-999
32	-999
33	-999
34	-999
35	-999
36	-999
37	-999
38	-999
39	-999
40	-999
41	-999
42	-999
43	-999
44	-999
45	-999
46	-999
47	0.496
48	0.267
49	0.893
50	2.634
51	1.234
52	0.453
53	0.561
54	0.509
55	0.459
56	0.392
57	0.326
58	0.311
59	0.261
60	0.342
61	0.415
62	0.306
63	0.372
64	0.596
65	1.568
66	2.411
67	0.852
68	0.393
69	0
70	0.509
71	0.272
72	0.258
73	0.556
74	1.026
75	0.599
76	0.905
77	0.7
78	0.037
79	0.132
80	0.297
81	0.347
82	0.628
83	0.962
84	1.778
85	5.512
86	2.295
87	1.21
88	0.598
89	0.309
90	0.024
91	0.17
92	0.26
93	0.563
94	0.098
95	0.273
96	0.275
97	0.165
98	0.162
99	0.181
100	0.495
101	2.098
102	1.337
103	0.593
104	0.233
105	0.331
106	0.074
107	0.272
108	0.183
109	0.172
110	0.063
111	0.087
112	0.091
113	0.13
114	0.237
115	0.113
116	0.416
117	0.548
118	0.987
119	1.5
120	2.455
121	3.005
122	3.877
123	2.567
124	1.683
125	0.686
126	0.23
127	0.051
128	0.185
129	0.671
130	2.21
131	0.873
132	0.321
133	0.292
134	0.418
135	0.274
136	0.17
137	0.125
138	0.233
139	0.098
140	0.071
141	0.257
142	0.639
143	0.316
144	0.057
145	0.014
146	0.003
147	0.037
148	0.127
149	0.132
150	0.36
151	0.179
152	0.234
153	0.287
154	0.822
155	2.172
156	2.458
157	1.078
158	0.364
159	0.206
160	0.217
161	0.259
162	0.034
163	0
164	0
165	0.105
166	0.05
167	0.049
168	0.209
169	0.218
170	0.349
171	0.167
172	0
173	0
174	0.172
175	0.513
176	0.228
177	0.177
178	0.089
179	0
180	0.012
181	0
182	0
183	0.147
184	0.244
185	0.466
186	0.428
187	0.168
188	0.141
189	0.112
190	0.203
191	0.379
192	0.175
193	0.309
194	1.616
195	0.365
196	0.172
197	0
198	0
199	0
200	0
201	0.067
202	0
203	0.195
204	0.364
205	0.11
206	0.162
207	0.133
208	0.02
209	0.037
210	0.072
211	0
212	0
213	0
214	0.101
215	0.161
216	0.171
217	0.205
218	0.361
219	0.488
220	0.243
221	0.246
222	0.09
223	0.347
224	0.686
225	0.335
226	0.167
227	0.186
228	0.012
229	0.307
230	1.006
231	0.389
232	0.226
233	0.164
234	0
235	0.008
236	0.04
237	0
238	0.09
239	0.02
240	0
241	0
242	0
243	0
244	0.09
245	0.228
246	0.405
247	0.456
248	0
249	0
250	0.561
251	0.454
252	2.025
253	4.25
254	1.876
255	1.039
256	2.965
257	3.553
258	1.665
259	2.486
260	3.165
261	2.642
262	0.475
263	0
264	0
265	0.053
266	0.142
267	0.153
268	0.023
269	0
270	0
271	0
272	0
273	0.112
274	0.13
275	0.668
276	0.52
277	0
278	0
279	0.023
280	0.232
281	1.006
282	4.468
283	1.341
284	0.504
285	0.286
286	0.001
287	0.029
288	0.038
289	0.006
290	0.163
291	0.032
292	0
293	0
294	0.002
295	0
296	0
297	0
298	0.051
299	0.131
300	0.272
301	0.109
302	0.523
303	1.298
304	3.986
305	7.358
306	4.513
307	5.066
308	2.507
309	0.715
310	0.279
311	0.133
312	0.154
313	0.302
314	0.4
315	0.309
316	1.029
317	2.779
318	13.743
319	3.779
320	0.764
321	0.326
322	0.095
323	0.381
324	0.144
325	0.151
326	0.156
327	0.255
328	0.316
329	0.464
330	0.024
331	0.011
332	0.422
333	1.07
334	0.865
335	0.1
336	0.037
337	0
338	0.047
339	0.444
340	1.11
341	0.201
342	0.032
343	0.543
344	0.164
345	0.433
346	1.619
347	0.467
348	0.294
349	0.02
350	0
351	0
352	0.671
353	1.179
354	4.616
355	1.674
356	1.28
357	3.389
358	0.935
359	0.121
360	0.124
361	0.108
362	0.138
363	0.201
364	0.299
365	0.345
366	0.193
367	0.242
368	2.246
369	0.661
370	0.18
371	0.496
372	0.754
373	0.836
374	4.887
375	0.633
376	0.274
377	0.322
378	0.101
379	0.099
380	0
381	0.306
382	0.421
383	0.074
384	0.958
385	3.343
386	0.136
387	0.048
388	0.02
389	0.039
390	0
391	0
392	0
393	0.109
394	0.265
395	0.913
396	0.491
397	0.771
398	0.858
399	2.04
400	0.131
401	2.092

