1	0.537
2	0
3	0.653
4	0.581
5	0.465
6	0.552
7	0
8	-0.203
9	0.769
10	0.363
11	0.319
12	0.16
13	0.232
14	0.421
15	0.813
16	0.363
17	0.247
18	0.334
19	0.015
20	0.305
21	0.508
22	0.015
23	0.16
24	0.015
25	0.29
26	0.058
27	0.305
28	0.334
29	0.363
30	0.45
31	0.319
32	0.261
33	0.436
34	0.479
35	0.073
36	0.261
37	0.218
38	0.682
39	0.45
40	-0.015
41	0.145
42	0.726
43	1.249
44	0.247
45	0.073
46	-0.334
47	0.015
48	0.174
49	0.261
50	0.973
51	0.74
52	0.363
53	0.319
54	-0.174
55	0.668
56	0.958
57	-0.203
58	-0.116
59	1.524
60	2.308
61	0.624
62	-0.436
63	0.711
64	0.058
65	0.45
66	-0.102
67	1.757
68	0.189
69	0.799
70	0
71	0.755
72	1.583
73	1.626
74	1.002
75	0.857
76	1.103
77	1.045
78	1.495
79	0.479
80	0.668
81	1.074
82	0.102
83	0.305
84	0.407
85	0.479
86	0.116
87	0.044
88	0.494
89	0.755
90	-0.029
91	0.087
92	0.595
93	0.232
94	0.189
95	-0.102
96	-0.407
97	-0.392
98	-0.16
99	0.334
100	0.45
101	-0.232
102	0.247
103	0.058
104	0.755
105	0.915
106	0.74
107	1.176
108	1.132
109	1.176
110	1.103
111	0.058
112	-0.015
113	0.058
114	-0.015
115	-0.015
116	0.813
117	0.421
118	0.073
119	-0.16
120	0.087
121	0.145
122	0.203
123	-0.203
124	-0.319
125	-0.174
126	-0.319
127	-0.305
128	-0.145
129	-0.189
130	-0.305
131	-0.189
132	-0.218
133	-0.145
134	0.116
135	0.116
136	0.073
137	0.595
138	0.189
139	0.319
140	-0.116
141	-0.232
142	-0.189
143	0.073
144	-0.073
145	-0.276
146	-0.479
147	-0.436
148	-0.319
149	-0.058
150	-0.16
151	0.566
152	0.363
153	0.552
154	0.131
155	0.348
156	-0.232
157	-0.102
158	-0.247
159	0.015
160	0.058
161	0.015
162	-0.189
163	-0.45
164	-0.363
165	-0.087
166	-0.015
167	0.058
168	0.058
169	-0.073
170	-0.145
171	0.058
172	-0.102
173	-0.174
174	0
175	-0.073
176	-0.029
177	-0.479
178	-0.073
179	0.363
180	0.174
181	0.624
182	0.799
183	1.437
184	1.103
185	0.392
186	0.813
187	0.566
188	0.218
189	-0.174
190	-0.044
191	0.015
192	0.261
193	0.116
194	-0.116
195	-0.29
196	-0.407
197	0.116
198	0.247
199	0.276
200	0.189
201	-0.044
202	-0.348
203	-0.102
204	-0.044
205	0.276
206	0.973
207	1.96
208	1.22
209	0.276
210	0.131
211	0.015
212	0.015
213	-0.029
214	-0.058
215	0.073
216	0.131
217	0.247
218	0.058
219	0.029
220	-0.058
221	0.015
222	0.726
223	1.161
224	0.305
225	0.377
226	0.189
227	0.494
228	0.087
229	0.218
230	-0.116
231	0.029
232	-0.319
233	0
234	0.044
235	0.261
236	1.161
237	0.639
238	0.581
239	0.465
240	0.392
241	0.407
242	0.16
243	0.16
244	0.319
245	0.929
246	0.436
247	0.421
248	0.319
249	0.261
250	0.436
251	0.131
252	0.276
253	0.145
254	0.421
255	0.319
256	0.145
257	0.174
258	0.363
259	0.886
260	0.682
261	0.218
262	-0.131
263	-0.131
264	0.131
265	0.377
266	0.436
267	1.118
268	1.684
269	1.132
270	0.537
271	0.203
272	0.145
273	0.276
274	0.581
275	0.639
276	1.249
277	0.973
278	0.987
279	0.523
280	0.813
281	0.334
282	0.436
283	0.711
284	0.929
285	0.74
286	0.769
287	1.916
288	1.132
289	1.103
290	1.597
291	1.713
292	1.945
293	2.308
294	0.261
295	0.029
296	0.073
297	0.494
298	1.002
299	0.828
300	-0.073
301	-0.102
302	0.131
303	0.029
304	-0.218
305	0.073
306	0.044
307	0.058
308	0.203
309	0.218
310	1.147
311	0.697
312	0.015
313	0.073
314	-0.044
315	-0.015
316	0.116
317	0.276
318	0.319
319	0.624
320	1.35
321	0.261
322	0.218
323	0.363
324	1.089
325	2.178
326	2.512
327	2.207
328	0.958
329	0.799
330	0.581
331	0.218
332	0.61
333	0.987
334	0.595
335	0.145
336	0.073
337	-0.087
338	-0.044
339	0.276
340	0.363
341	1.031
342	0.857
343	-0.581
344	0.058
345	0.058
346	-0.015
347	0.581
348	1.452
349	1.945
350	0.726
351	0.029
352	0.044
353	0.348
354	1.481
355	1.916
356	0.537
357	-0.073
358	0
359	0.29
360	0.523
361	0.987
362	0.334
363	-0.232
364	0.261
365	0.261
366	0.232
367	0.015
368	0.087
369	0.784
370	3.209
371	2.425
372	2.279
373	0.015
374	-0.058
375	0.334
376	2.381
377	1.278
378	1.045
379	0.247
380	0.073
381	-0.029
382	-0.058
383	-0.058
384	-0.16
385	-0.116
386	0.247
387	0.755
388	3.281
389	1.757
390	2.105
391	1.249
392	0.828
393	1.495
394	0.131
395	0.189
396	0.348
397	-0.087
398	0.377
399	0.886
400	1.278
401	1.263
402	0.334
403	0.044
404	0.29
405	1.292
406	1.742
407	0.247
408	-0.218
409	0.769
410	2.454
411	1.887
412	1.931

