1	0.2
2	0.075
3	0.125
4	0.075
5	0.05
6	0
7	0.025
8	0
9	0.125
10	0.45
11	0.6
12	0.175
13	0.075
14	0.025
15	0.025
16	0.1
17	0.15
18	0.15
19	0.225
20	0.4
21	0.2
22	0
23	0
24	1.55
25	0.625
26	0.1
27	0.075
28	0.1
29	0.1
30	0
31	0.025
32	0.05
33	0.15
34	0.375
35	0.925
36	5.175
37	0.5
38	0.375
39	0.325
40	0.15
41	0.075
42	0.1
43	0.05
44	0.125
45	0.1
46	0.075
47	0.075
48	0.2
49	1.05
50	3.775
51	2.525
52	1.025
53	0.15
54	0.1
55	0.125
56	0.1
57	0.1
58	0.125
59	0.125
60	0.325
61	0.2
62	0.25
63	0
64	0.1
65	0.05
66	0.05
67	0.05
68	0.1
69	0.125
70	0.1
71	0.525

