1 0.0387
2 0.02
3 0.3027
4 0.0493
5 0
6 0.26
7 0.1227
8 0.0493
9 1.4053
10 1.3227
11 0.6547
12 0.2613
13 0.028
14 0.0187
15 0.0307
16 0.0307
17 0.012
18 0.08
19 0.4253
20 2
21 1.84
22 1.2067
23 1.9227
24 -999
25 1.6133
26 0.0853
27 0.0347
28 0.3093
29 1.58
30 0.412
31 0.0373
32 0.0427
33 0.7653
34 1.8813
35 1.2173
36 1.3147
37 2
38 1.0093
39 0.3693
40 0.1213
41 0.0333
42 0.012
43 0.04
44 0.0693
45 0.9907
46 -999
47 2
48 2
49 1.8787
50 0.6373
51 0.0267
52 0
53 0
54 0.04
55 0.26
56 0.8027
57 1.1973
58 1.2147
59 1.804
60 1.0667
61 1.3373
62 1.2347
63 1.084
64 0.064
65 0.048
66 0.132
67 0.3267
68 0.8387
69 0.836
70 1.224
71 0.504
72 0.3573
73 0.5493
74 1.38
75 0.1267
76 0.1787
77 0.3507
78 0.0947
79 0
80 0
81 0.2253
82 1.7093
83 2
84 1.12
85 0.2933
86 0.748
87 0.6507
88 0.284
89 0.0133
90 0.0187
91 0
92 0
93 0.1293
94 0.0547
95 0.1453
96 0.7093
97 0.0867
98 0.052
99 0.048
100 0.0547
101 0.7293
102 0.628
103 0.8347
104 0.2853
105 0.1293
106 0
107 0.012
108 0
109 0
110 0.0853
111 0.0813
112 0.1013
113 0.856
114 0.664
115 0.9827
116 0.0667
117 0.1347
118 0.056
119 0.0547
120 0.0227
121 0.0493
122 0.08
123 0.2853
124 0.5147
125 0.588
126 1.4333
127 0.8587
128 0.0373
129 0.0173
130 0.0227
131 0.1307
132 0.3973
133 0.7453
134 0.4227
135 0.1467
136 0.0
137 0.0
138 0
139 0
140 0.1307
141 0.012
142 0.1973
143 1.08
144 1.5733
145 0.2293
146 0.176
147 1.9813
148 2
149 2
150 2
151 1.4107
152 1.4507
153 0.2133
154 0.3507
155 0.8933
156 0.064
157 0.0227
158 0.0107
159 0.0133
160 0.092
161 0.0387
162 0.016
163 0.2787
164 0.2707
165 0.44
166 0.0107
167 0.6107
168 0.8027
169 0.2747
170 0.0373
171 0.604
172 0.9347
173 2
174 2
175 0.2187
176 0.044
177 0.1387
178 0.012
179 0.0027
180 0.0053
181 0.016
182 0
183 0.0147
184 0.0627
185 0.2747
186 0.3573
187 0.6107
188 0.484
189 0.12
190 0
191 0
192 0.1987
193 0.5813
194 0.36
195 1.444
196 0.3747
197 0
198 0
199 0.036
200 0.0773
201 0.1387
202 0.476
203 1.4147
204 0.0507
205 0.144
206 -999
207 1.8467
208 1.7
209 0.6667
210 0.0227
211 0
212 0
213 0.0427
214 0.0453
215 0.0373
216 0.028
217 0.2573
218 0.5027
219 0.016
220 0.996
221 1.7693
222 1.7787
223 0.0333
224 0
225 0.0133
226 0.0133
227 0
228 0
229 0
230 0.028
231 0.168
232 0.188
233 0.124
234 0.1987
235 1.7173
236 2
237 1.2707
238 0.3387
239 0.1147
240 0
241 0
242 0
243 0.0133
244 0.7973
245 1.964
246 1.416
247 1.5773
248 1.7573
249 0.384
250 0.3213
251 0.7213
252 0.0
253 0.9133
254 1.0667
255 1.64
256 0.1467
257 0.0093
258 0.608
259 0.864
260 1.388
261 2
262 1.868
263 0.664
264 0.0
265 0.0547
266 0.0587
267 1.1427
268 0.9107
269 0.1573
270 0.6453
271 0.568
272 0.3987
273 0.0813
274 0
275 0
276 0.276
277 0.0453
278 0
279 0
280 0.464
281 0.6707
282 1.2427
283 0.936
284 1.4227
285 1.0387
286 1.0827
287 0.5747
288 0.0013
289 0.016
290 0.008
291 0.056
292 0.0347
293 0.028
294 0.2587
295 1.32
296 1.124
297 0.0613
298 0.1573
299 0.6933
300 0.5907
301 0
302 0.4173
303 0.08
304 0.876
305 0.188
306 0.5107
307 0.2333
308 1.1267
309 1.2747
310 0.2147
311 0
312 0.0693
313 0.0773
314 0.052
315 0.0573
316 0.1827
317 0.5987
318 1.704
319 1.0587
320 1.0107
321 1.0
322 0.6213
323 0.0493
324 0.036
325 0.104
326 0.4733
327 2
328 0.4667
329 1.3707
330 1.0813
331 1.4347
332 0.58
333 0.036
334 0
335 0.0227
336 0.1453
337 0.172
338 0.704
339 0.9427
340 1.052
341 0.0387
342 0.0133
343 0.0093
344 0.2627
345 0.972
346 1.2827
347 0.6947
348 0.2147
349 0.0853
350 0.1707
351 0.6827
352 0.1293
353 0
354 0
355 0
356 0.0173
357 0.0467
358 0.0533
359 0.0187
360 0.4907
361 1.9493
362 2
363 1.68
364 0.0947
365 0
366 0.048
367 0
368 0.004
369 0.0893
370 0.084
371 0.1667
372 0.8893
373 0.864
374 2
375 2
376 1.5987
377 0.0653
378 0
379 0.0227
380 0.0627
381 0.092
382 0.1213
383 0.0493
384 0.3893
385 0.9453
386 0.264
387 0.1867
388 0.2653
389 0.036
390 0.0173
391 0.0507
392 0.0267
393 0.0213
394 0.0493
395 0.1067
396 2
397 2
398 2
399 1.5867
400 0.684
401 0.1227
402 0
403 0.0187
404 0.0093
405 0.0013
406 0.04
407 0.0267
408 0.096
409 0.2213
410 0.3707
411 2
412 2
413 2
414 1.8827
415 0.4467
416 0.3587
417 0.1547
418 0.1347
419 0.2147
420 0.6053
421 1.264
422 1.084
423 1.4307
424 1.2467
425 1.5293
426 1.312
427 1.08
428 0.1
429 0.0227
430 0.0853
431 0.2013
432 0.1467
433 0.4587
434 0.6173
435 1.4053
436 1.5427
437 0.868
438 0.3093
439 0.5053
440 1.1453
441 0.3027
442 0
443 0.98
444 0.5173
445 0
446 0.1573
447 0.5933
448 1.4613
449 1.5227
450 1.4347
451 0.3947
452 0.104
453 0.1893
454 0.452
455 0.3733
456 0.1053
457 0.2933
458 0.08
459 0.0907
460 0.6507
461 1.3293
462 1.6573
463 0.5667
464 0.1227
465 0.092
466 0.032
467 0
468 0.0307
469 0.028
470 0.0693
471 0.0693
472 0.0
473 1.884
