1	1.4907
2	1.0187
3	1.096
4	1.156
5	0.1067
6	0
7	0
8	0
9	0
10	0.0453
11	0
12	0.016
13	0.092
14	0.1373
15	0.1373
16	1.156
17	0.7613
18	0
19	0
20	0
21	0
22	0
23	0.5933
24	1.9773
25	1.08
26	1.4147
27	1.064
28	0.8667
29	0.38
30	0.0453
31	0.0307
32	0.016
33	0.1067
34	0.076
35	0.092
36	0.092
37	0.076
38	0.152
39	0.1067
40	0.1067
41	0.1067
42	0.0453
43	0.472
44	2
45	0.7
46	0.1067
47	0
48	0
49	0
50	0
51	0
52	0
53	0.0613
54	0.0453
55	0.076
56	0.0307
57	0.0613
58	0
59	0
60	0
61	0
62	0.396
63	1.0507
64	1.8107
65	1.6587
66	-999
