1	0.2667
2	0.1
3	0.1667
4	0.1
5	0.0667
6	0.0
7	0.0333
8	0.0
9	0.1667
10	0.6
11	0.8
12	0.2333
13	0.1
14	0.0333
15	0.0333
16	0.1333
17	0.2
18	0.2
19	0.3
20	0.5333
21	0.2667
22	0.0
23	0.0
24	2
25	0.8333
26	0.1333
27	0.1
28	0.1333
29	0.1333
30	0.0
31	0.0333
32	0.0667
33	0.2
34	0.5
35	1.2333
36	2
37	0.6667
38	0.5
39	0.4333
40	0.2
41	0.1
42	0.1333
43	0.0667
44	0.1667
45	0.1333
46	0.1
47	0.1
48	0.2667
49	1.4
50	2
51	2
52	1.3667
53	0.2
54	0.1333
55	0.1667
56	0.1333
57	0.1333
58	0.1667
59	0.1667
60	0.4333
61	0.2667
62	0.3333
63	0.0
64	0.1333
65	0.0667
66	0.0667
67	0.0667
68	0.1333
69	0.1667
70	0.1333
71	0.7
