1 0.299
2 0.346
3 0.412
4 0.314
5 0.117
6 0.243
7 0.663
8 1.111
9 0.604
10 0.609
11 1.372
12 0.607
13 0.485
14 0.523
15 0.57
16 1.046
17 1.918
18 1.431
19 0.16
20 0.03
21 0.093
22 0.182
23 0.126
24 0.273
25 0.242
26 0.054
27 0.225
28 0.74
29 2.454
30 8.617
31 2.644
32 1.512
33 0.137
34 0
35 0.028
36 0
37 0.081
38 0.235
39 0.339
40 0.085
41 0
42 0.179
43 0.122
44 0.291
45 0.707
46 1.67
47 1.725
48 1.023
49 0.505
50 0.083
51 0
52 0.039
53 0.302
54 0.36
55 0.43
56 0.209
57 0.108
58 0.14
59 0.066
60 0.096
61 0.026
62 0.321
63 0.957
64 0.421
65 0.528
66 0.095
67 0.086
68 0
69 0.159
70 0.162
71 0.24
72 0.371
73 0.225
74 0.115
75 0
76 0
77 0.184
78 0.058
79 0.114
80 0.169
81 0.126
82 0.274
83 0.313
84 0.638
85 1.383
86 1.186
87 0.655
88 0.498
89 0.696
90 0.083
91 0
92 0.095
93 0.152
94 0.048
95 0.416
96 0
97 0.02
98 0.092
99 0.352
100 2.063
101 1.664
102 7.793
103 0.947
104 0.094
105 0.163
106 0.103
107 0.045
108 0.235
109 0.176
110 -999
111 0.345
112 -999
113 17.008
114 9.592
115 8.514
116 8.218
117 -999
118 -999
119 0
120 0
121 0.128
122 0.381
123 0.781
124 -999
125 -999
126 0.551
127 2.993
128 0.825
129 0.074
130 0.365
131 0.115
132 0.752
133 0.897
134 0.348
135 0.105
136 0.035
137 0.18
138 0.057
139 0.688
140 0.407
141 0
142 0
143 0.138
144 0.604
145 0
146 0
147 1.193
148 0.786
149 -999
150 -999
151 -999
152 -999
153 -999
154 -999

