1 0.12
2 0.16
3 0.27
4 0.68
5 0.16
6 0.08
7 0.07
8 0.05
9 0.04
10 0.04
11 0.03
12 0.07
13 0.01
14 0.09
15 0.34
16 2.87
17 0.08
18 0.14
19 0.03
20 0.03
21 1.28
22 1.37
23 3.63
24 0.22
25 0.05
26 0.05
27 0
28 0
29 0.24
30 1.07
31 1.33
32 0.63
33 0.14
34 1.69
35 0
36 0
37 0.04
38 0.01
39 0.1
40 0.08
41 0.16
42 0
43 0
44 0
45 0.04
46 0.06
47 0.04
48 0
49 0.14
50 0.23
51 0.61
52 0.05
53 0.06
54 0.04
55 0.01
56 0.03
57 0.42
58 0.01
59 0.03
60 0.1
61 0.32
62 0.22
63 0.01
64 0.08
65 0.19
66 0.26
67 0.13
68 0.02
69 0
70 0.01
71 0.01
72 0.01
73 0.24
74 0.6
75 0.31
76 0.81
77 0.81
78 0.99
79 0.09
80 0.06
81 0.16
82 0.17
83 0.23
84 0.04
85 0.07
86 0.31
87 0.25
88 0.2
89 0.06
90 0.12
91 0.38
92 0
93 0.01
94 0.04
95 0.17
96 0.74
97 0.28
98 0.13
99 0.09
100 0.12
101 0.19
102 0.12
103 0.01
104 0.08
105 0.25
106 0.6
107 0.12
108 0.1
109 0.03
110 0.08
111 0.05
112 0.2
113 0.06
114 0.06
115 0.17
116 0.5
117 0.17
118 0.28
119 0.55
120 0.38
121 0.59
122 0.2
123 0.51
124 0.46
125 0.02
126 0.06
127 0.08
128 0.06
129 0.1
130 0.12
131 0.43
132 0.89
133 0.5
134 0.03
135 0.09
136 0.19
137 0.1
138 0.1
139 0.06
140 0.22
141 0.12
142 0.01
143 0
144 0
145 0.12
146 0.06
147 0.14
148 0.06
149 0.04
150 0.04
151 0.2
152 0.12
153 0.29
154 0.34
155 0.63
156 0.57
157 0.5
158 0.05
159 0.05
160 0.03
161 0.38
162 0.37
163 0.19
164 0.44
165 0.28
166 0.19
167 0.14
168 0.7
169 1.2
170 0.64
171 0.17
172 0.03
173 0.01
174 0.01
175 0.07
176 0.05
177 0.14
178 0.26
179 0.2
180 0.78
181 0.65
182 0.29
183 0.04
184 0
185 0
186 0.01
187 0.09
188 0.05
189 0.01
190 0.02
191 0.02
192 0.09
193 0.14
194 0.08
195 0
196 0
197 0.01
198 0.01
199 0.11
200 1.01
201 0.6
202 0.41
203 0.63
204 0.86
205 0.85
206 0.84
207 0.17
208 0.63
209 0.76
210 0.79
211 0.67
212 0.61
213 0.58
214 0.89
215 0.81
216 1.14
217 0.17
218 0.09
219 0.05
220 0.3
221 0.25
222 0.41
223 0.25
224 0.45
225 0.57
226 0.64
227 0.4
228 0.14
229 0.01
230 0.14
231 0.16
232 0.14
233 0.09
234 0.33
235 0.54
236 0.05
237 0.17
238 0.22
239 1.23
240 5.26
241 1.9
242 0.86
243 0.05
244 0.05
245 0.03
246 0.1
247 0.39
248 0
249 0.1
250 0.03
251 0
252 0.01
253 0.09
254 0.16
255 0.89
256 1.26
257 0.06
258 0.01
259 0.04
260 0.09
261 0.09
262 0.07
263 0.07
264 0
265 0.1
266 0
267 0.12
268 0.06
269 0.09
270 0.16
271 1.2
272 1.19
273 1.54
274 0.04
275 0.09
276 0.07
277 0.13
278 0.31
279 0.32
280 0.4
281 0.08
282 0.12
283 0.18
284 0.08
285 0.68
286 0.55
287 0.23
288 0.28
289 0.09
290 0.22
291 0.73
292 1.04
293 0.5
294 0.23
295 0.37
296 0.36
297 0.29
298 0.29
299 0.06
300 0.48
301 0.74
302 0.6
303 0.46
304 0.61
305 0.4
306 0.41
307 0.28
308 0.41
309 0.51
310 0.78
311 0.29
312 0.14
313 0.16
314 0.19
315 0.05
316 0.25
317 0.94
318 0.62
319 1.04
320 0.1
321 0.14
322 0.12
323 0.13
324 0.14
325 0.46
326 0.85
327 0.49
328 0.73
329 0.26
330 0.32
331 0.8
332 0.64
333 0.39
334 0.31
335 0.46
336 0.28
337 0.26
338 0.05
339 0.03
340 0.05
341 0.13
342 0.04
343 0.55
344 0.57
345 0.49
346 0.68
347 0.23
348 0.03
349 0.19
350 0.14
351 0.19
352 0.26
353 0.44
354 0.12
355 0.65
356 0.2
357 0.35
358 0.47
359 0.44
360 0.17
361 0.09
362 0.06
363 0.01
364 0.12
365 0
366 0.14
367 0.49
368 0.34
369 0.43
370 0.42
371 0.08
372 0.44
373 0.81
374 0.61
375 0.95
376 0.32
377 0.81
378 0.33
379 0.53
380 0.32
381 0.37
382 0.44
383 0.17
384 0.85
385 0.48
386 0.57
387 0.7
388 0.48
389 0.5
390 0.35
391 0.41
392 0.19
393 0.31
394 0.62
395 0.63
396 0.51
397 0.22
398 0.18
399 0.06
400 0.15
401 0.27
402 0.04
403 0
404 0.07
405 0.14
406 0.05
407 0.18
408 0.61
409 0.57
410 0.68
411 0.91
412 0.74
413 0.9
414 0.78
415 0.5
416 0.19
417 0.7
418 0.86
419 0.04
420 0.75
421 0.05
422 0.9
423 0.59
424 0.4
425 0
426 0.41
427 0.43
428 0.49
429 0.62
430 0.54
431 0
432 0.89
433 0.06
434 1.29
435 0
436 0.64
437 0.44
438 0.21
439 0.7
440 0.35
441 0.33
442 0.15
443 0.03
444 0.02
445 0.31
446 0.24
447 0.24
448 0.01
449 0.53
450 0.4
451 0.61
452 0.14
453 0.57
454 0.15
455 0.04
456 0.17
457 0.97
458 0.61
459 0.89
460 0.71
461 0.28
462 0.65
463 0.77
464 0.25
465 0.41
466 0.18
467 0.7
468 0.01
469 0.58
470 0.33
471 0.32
472 0.56
473 0.56
474 0.56
475 0.22
476 0.08
477 0.12
478 0.16
479 0.09
480 0
481 0.59
482 1.31
483 0.06
484 0.27
485 1.07
486 1.25
487 1.36
488 0.6
489 0.97
490 0.64
491 0.88
492 0.01
493 0.65
494 0.32
495 0.09
496 0.92
497 0.54
498 0.76
499 1.2
500 0.31

