1 0.36
2 0.12
3 0
4 0.028
5 0.157
6 0.074
7 0.221
8 0.101
9 0
10 0.009
11 0.046
12 0.028
13 0
14 0
15 0
16 0
17 0.028
18 0.018
19 0
20 0
21 0
22 0
23 0
24 0
25 0
26 0.009
27 0.009
28 0.018
29 0.009
30 0.009
31 0.018
32 0.018
33 0.028
34 0.009
35 0.009
36 0
37 -999
38 -999
39 0
40 0
41 0.028
42 0.046
43 0.028
44 0.018
45 0.018
46 0.018
47 0.018
48 0
49 0
50 0
51 0
52 0.037
53 0.175
54 0.157
55 0.194
56 0.028
57 0
58 0.083
59 0.636
60 1.991
61 1.834
62 2.065
63 1.558
64 0.811
65 1.714
66 0.405
67 0.065
68 0
69 0.018
70 0.018
71 0
72 0
73 0.028
74 0.028
75 0.028
76 0.018
77 0.028
78 0.028
79 0.009
80 0.028
81 0.065
82 0.074
83 0.074
84 0
85 0.009
86 0.083
87 0.857
88 0.249
89 -999
90 -999
91 0.341
92 0.747
93 0.82
94 0.894
95 0.996
96 1.161
97 0.949

