1 0.05
2 0.0
3 0.0
4 0.057
5 0.0
6 0.339
7 0.0
8 0.477
9 0.0
10 0.345
11 0.0
12 0.225
13 0.262
14 0.444
15 0.394
16 1.5
17 1.282
18 1.118
19 0.812
20 0.387
21 0.774
22 0.033
23 0.0
24 0.05
25 0.149
26 0.064
27 0.248
28 0.213
29 0.0
30 0.0
31 0.18
32 0.0
33 0.0
34 1.5
35 1.5
36 1.5
37 1.5
38 1.07
39 1.233
40 0.0
41 0.444
42 0.0
43 0.0
44 0.0
45 0.0
46 0.0
47 0.0
48 0.0
49 0.0
50 0.616
51 0.098
52 0.022
53 0.0
54 0.0
55 0.081
56 0.05
57 0.0
58 0.099
59 0.0
60 0.0
61 0.291
62 0.0
63 0.0
64 0.117
65 0.033
66 0.0
67 0.634
68 0.144
69 1.5
70 0.0
71 0.0
72 0.05
73 0.178
74 0.112
