1 -999
2 0.128
3 -999
4 -999
5 0.168
6 -999
7 -999
8 -999
9 1.926
10 -999
11 0.138
12 -999
13 0.142
14 1.308
15 -999
16 -999
17 -999
18 -999
19 -999
20 -999
21 0.322
22 -999
23 0.236
24 -999
25 0.172
26 -999
27 0.084
28 0.04
29 0.16
30 -999
31 0.252
32 0.452
33 -999
34 -999
35 2.0
36 2.0
37 -999
38 2.0
39 -999
40 0.032
41 -999
42 -999
43 -999
44 0.538
45 -999
46 -999
47 -999
48 0.13
49 0.058
50 -999
51 -999
52 -999
53 -999
54 -999
55 -999
56 0.354
57 -999
58 2.0
59 -999
60 1.71
61 0.056
62 0.154
63 0.118
64 0.144
65 -999
66 0.264
67 0.466
68 -999
69 -999
70 0.102
71 -999
72 0.184
73 2.0
74 1.884
75 1.738
76 1.078
