1 0.156
2 0.156
3 0.156
4 0.364
5 0.156
6 0.0
7 0.208
8 0.052
9 0.156
10 0.052
11 0.0
12 0.052
13 0.208
14 0.0
15 0.364
16 0.104
17 0.468
18 0.8307
19 0.572
20 0.312
21 0.364
22 0.208
23 0.208
24 0.156
25 0.0
26 0.052
27 0.104
28 0.104
29 0.0
30 0.052
31 0.052
32 0.312
33 0.312
34 0.208
35 0.156
36 0.052
37 0.156
38 0.936
39 2
40 2
41 1.5587
42 0.0
43 0.208
44 0.104
45 0.0
46 0.26
47 0.0
48 0.104
49 0.104
50 0.468
51 1.612
52 2
53 2
54 2
55 0.884
56 0.26
57 0.364
58 0.208
59 0.572
60 0.0
61 0.26
62 0.78
63 1.04
64 0.26
65 0.5187
66 0.312
67 0.312
68 0.5187
69 0.312
70 0.364
71 0.312
72 0.5187
73 0.104
74 0.312
75 0.78
76 -999
77 0.728
78 1.1427
79 0.9867
80 1.7147
81 0.78
82 0.156
83 0.0
84 0.104
85 0.26
86 0.208
87 0.156
88 0.208
89 0.312
90 0.416
91 0.052
92 1.508
93 1.2987
94 1.196
95 -999
96 -999
97 -999
98 -999
99 -999
100 -999
101 -999
102 0.416
103 0.572
104 -999
105 1.768
106 0.312
107 -999
108 1.092
109 0.9867
110 2
111 0.468
112 0.8307
113 0.156
114 0.26
115 0.312
116 0.156
117 0.104
118 0.156
119 0.26
120 0.156
121 0.052
122 0.26
123 0.0
124 0.26
125 0.312
126 0.728
127 0.312
128 2
129 1.664
130 1.196
131 1.352
132 1.5587
133 1.248
134 0.6747
135 0.208
136 1.508
137 0.468
138 0.624
139 0.884
140 1.4547
141 1.976
142 0.9867
143 1.248
144 0.312
145 0.312
146 0.0
147 0.312
148 0.6747
149 1.508
150 2
151 2
152 2
153 2
154 0.156
155 0.052
156 0.0
157 0.104
158 0.26
159 0.6747
160 0.104
161 0.936
162 1.664
163 1.196
164 0.78
165 0.624
166 0.104
167 1.508
168 0.884
169 0.104
170 -999
171 -999
172 -999
173 1.092
174 2
