1 0.48
2 0.16
3 0.0
4 0.0373
5 0.2093
6 0.0987
7 0.2947
8 0.1347
9 0.0
10 0.012
11 0.0613
12 0.0373
13 0.0
14 0.0
15 0.0
16 0.0
17 0.0373
18 0.024
19 0.0
20 0.0
21 0.0
22 0.0
23 0.0
24 0.0
25 0.0
26 0.012
27 0.012
28 0.024
29 0.012
30 0.012
31 0.024
32 0.024
33 0.0373
34 0.012
35 0.012
36 0.0
37 -999
38 -999
39 0.0
40 0.0
41 0.0373
42 0.0613
43 0.0373
44 0.024
45 0.024
46 0.024
47 0.024
48 0.0
49 0.0
50 0.0
51 0.0
52 0.0493
53 0.2333
54 0.2093
55 0.2587
56 0.0373
57 0.0
58 0.1107
59 0.848
60 2
61 2
62 2
63 2
64 1.0813
65 2
66 0.54
67 0.0867
68 0.0
69 0.024
70 0.024
71 0.0
72 0.0
73 0.0373
74 0.0373
75 0.0373
76 0.024
77 0.0373
78 0.0373
79 0.012
80 0.0373
81 0.0867
82 0.0987
83 0.0987
84 0.0
85 0.012
86 0.1107
87 1.1427
88 0.332
89 -999
90 -999
91 0.4547
92 0.996
93 1.0933
94 1.192
95 1.328
96 1.548
97 1.2653
