1 0.388
2 0.372
3 0.162
4 0.144
5 0.171
6 0.229
7 1.211
8 1.001
9 1.276
10 0.282
11 0.298
12 0.111
13 0.078
14 0.057
15 0.0
16 0.0
17 0.192
18 0.0
19 0.0
20 0.252
21 0.162
22 0.008
23 0.849
24 0.476
25 0.93
26 0.746
27 0.526
28 0.687
29 0.54
30 0.398
31 0.006
32 0.003
33 0.075
34 0.009
35 0.5
36 1.045
37 0.222
38 0.036
39 0.13
40 0.165
41 0.159
42 0.584
43 0.628
44 0.53
45 0.387
46 1.5
47 0.237
48 1.149
49 0.674
50 1.388
51 0.046
52 0.758
53 0.568
54 0.792
55 0.243
56 0.214
57 0.613
58 0.258
59 0.501
60 0.43
61 0.303
62 0.122
63 0.273
64 0.597
65 0.364
66 0.856
67 0.411
68 0.009
69 0.08
70 0.036
71 0.012
72 0.068
