1 0.114
2 0.0
3 0.544
4 0.915
5 1.5
6 1.5
7 1.5
8 0.16
9 0.538
10 0.236
11 0.825
12 0.624
13 1.5
14 1.5
15 0.454
16 0.018
17 1.5
18 0.063
19 0.054
20 0.0
21 0.0
22 0.028
23 0.01
24 0.044
25 0.074
26 0.0
27 0.024
28 0.006
29 0.098
30 0.003
31 0.003
32 0.003
33 0.009
34 0.032
35 0.068
36 0.018
37 0.312
38 0.772
39 0.6
40 1.154
41 0.926
42 0.627
43 1.245
44 1.5
45 0.013
46 0.0
47 0.051
48 0.104
49 0.143
50 0.008
51 0.042
52 0.096
53 0.006
54 0.123
55 0.04
56 0.318
57 0.423
58 0.274
59 0.102
60 0.063
61 0.136
62 0.509
63 1.48
64 1.5
65 1.461
66 0.006
67 0.027
68 0.087
69 0.0
70 0.0
71 0.0
72 0.008
73 0.0
74 0.016
75 0.0
76 0.016
77 0.0
