1 0.81
2 0.4
3 0.066
4 0.232
5 0.522
6 0.582
7 1.155
8 0.258
9 0.236
10 0.291
11 0.15
12 0.812
13 0.24
14 0.442
15 0.846
16 0.644
17 0.206
18 1.492
19 0.774
20 1.179
21 1.392
22 0.18
23 1.5
24 0.519
25 0.0
26 0.567
27 0.16
28 0.102
29 0.108
30 1.211
31 1.5
32 1.5
33 0.366
34 0.544
35 0.99
36 0.273
37 0.0
38 0.158
39 0.345
40 1.107
41 0.462
42 0.242
43 0.064
44 0.018
45 0.147
46 0.064
47 0.062
48 0.12
49 1.176
50 0.402
51 0.15
52 0.22
53 0.0
54 0.258
55 0.192
56 0.473
57 0.168
58 0.213
59 1.26
60 0.768
61 0.202
62 0.009
63 0.327
64 0.062
65 0.326
66 0.0
67 0.225
68 0.192
69 0.117
70 0.591
71 0.066
72 0.69
73 0.873
74 1.5
75 0.494
76 0.476
77 0.48
