1 0.063
2 0.0
3 0.006
4 0.012
5 0.04
6 0.02
7 0.005
8 0.612
9 0.0
10 0.008
11 0.0
12 0.154
13 0.036
14 0.098
15 0.093
16 0.032
17 0.006
18 0.04
19 0.069
20 0.344
21 0.694
22 0.03
23 0.108
24 0.034
25 0.598
26 0.036
27 0.164
28 0.126
29 0.219
30 0.195
31 1.205
32 1.5
33 1.114
34 1.5
35 0.012
36 0.05
37 0.036
38 0.213
39 0.619
40 0.242
41 0.426
42 1.354
43 0.057
44 0.09
45 0.198
46 0.0
47 0.057
48 0.01
49 0.006
50 0.027
51 0.036
52 0.028
53 0.182
54 0.483
55 0.154
56 0.267
57 0.021
58 0.021
59 0.027
60 0.114
61 0.076
62 0.01
63 0.018
64 0.078
65 0.0
66 0.018
67 0.102
68 0.038
69 0.141
70 0.802
71 0.63
72 1.014
73 0.026
74 0.0
75 0.03
76 0.013
77 0.01
78 0.0
79 0.027
80 0.006
81 0.015
82 0.0
83 0.0
84 0.0
85 0.0
86 0.028
87 0.016
88 0.013
89 0.012
90 0.036
91 0.039
92 0.003
93 0.012
94 0.006
95 -999
