1 -0.041
2 0.016
3 -0.014
4 -0.006
5 0.057
6 0.039
7 0.156
8 0.733
9 2.205
10 1.884
11 0.932
12 1.087
13 0.395
14 0.194
15 -999
16 -999
17 -999
18 0.04
19 0.146
20 0.535
21 0.202
22 0.002
23 0.095
24 0.294
25 0.16
26 0.136
27 0.119
28 0.162
29 0.057
30 0.076
31 0.466
32 0.288
33 1.881
34 0.569
35 0.196
36 0.136
37 0.16
38 0.031
39 -0.015
40 0.022
41 -0.027
42 0.039
43 0.199
44 0.202
45 0.175
46 0.822
47 0.575
48 0.072
49 0.127
50 0.304
51 0.798
52 0.659
53 0.794
54 0.979
55 0.862
56 0.225
57 0.035
58 0
59 0.128
60 0.445
61 0.936
62 2.326
63 2.024
64 1.536
65 3.092
66 0.791
67 0.232
68 0.006
69 0.04
70 0.049
71 0.236
72 0.202
73 0.413
74 0.755
75 1.485
76 2.189
77 0.52
78 -999
79 -999
80 -999
81 0.141
82 0.76
83 1.411
84 1.257
85 1.012
86 0.851
87 0.198
88 0.562
89 0.366
90 0.011
91 0.141
92 0.614
93 0.41
94 0
95 0.427
96 0.991
97 -999
98 3.561
99 3.864
100 1.197
101 0.682
102 0.491
103 0.275
104 0.151
105 0
106 -999
107 0.091
108 0.348
109 0.288
110 0.896
111 -999
112 0.032
113 0.239
114 0
115 -999
116 -999
117 -999
118 -999

