1 1.118
2 0.764
3 0.822
4 0.867
5 0.08
6 -0.114
7 -0.126
8 -0.012
9 -0.012
10 0.034
11 -0.023
12 0.012
13 0.069
14 0.103
15 0.103
16 0.867
17 0.571
18 -0.091
19 -0.194
20 -0.148
21 -0.32
22 -0.229
23 0.445
24 1.483
25 0.81
26 1.061
27 0.798
28 0.65
29 0.285
30 0.034
31 0.023
32 0.012
33 0.08
34 0.057
35 0.069
36 0.069
37 0.057
38 0.114
39 0.08
40 0.08
41 0.08
42 0.034
43 0.354
44 1.951
45 0.525
46 0.08
47 -0.012
48 -0.012
49 -0.137
50 -0.354
51 -0.137
52 -0.046
53 0.046
54 0.034
55 0.057
56 0.023
57 0.046
58 -0.012
59 -0.012
60 -0.114
61 -0.034
62 0.297
63 0.788
64 1.358
65 1.244
66 -999

