1 -999
2 -999
3 0.018
4 0.081
5 -999
6 -999
7 0.753
8 1.193
9 -999
10 -999
11 -999
12 -999
13 0.28
14 0.012
15 0.087
16 0.378
17 -999
18 0.534
19 0.051
20 -999
21 0.678
22 0.482
23 -999
24 1.276
25 -999
26 0.399
27 -999
28 -999
29 -999
30 0.928
31 -999
32 0.0
33 0.0
34 -999
35 -999
36 0.564
37 -999
38 -999
39 -999
40 -999
41 0.102
42 0.864
43 1.168
44 1.386
45 1.5
46 1.5
47 1.5
48 1.284
49 -999
50 -999
51 -999
52 0.568
53 0.596
54 0.837
55 -999
56 0.678
57 0.46
58 -999
59 -999
60 -999
61 -999
62 -999
63 0.747
64 -999
65 0.532
66 0.789
67 -999
68 -999
69 -999
70 -999
71 0.476
72 0.217
