1 -999
2 -999
3 0.066
4 -999
5 -999
6 -999
7 -999
8 0.217
9 -999
10 -999
11 1.172
12 0.207
13 0.684
14 -999
15 1.5
16 0.188
17 -999
18 -999
19 -999
20 0.112
21 -999
22 -999
23 0.012
24 0.074
25 0.068
26 -999
27 0.028
28 0.087
29 -999
30 1.5
31 1.5
32 1.5
33 -999
34 0.066
35 -999
36 -999
37 0.01
38 -999
39 1.3
40 -999
41 1.5
42 1.5
43 1.5
44 -999
45 -999
46 -999
47 0.002
48 -999
49 -999
50 -999
51 0.7
52 -999
53 -999
54 0.633
55 -999
56 -999
57 0.426
58 -999
59 -999
60 -999
61 -999
62 0.202
63 -999
64 -999
65 -999
66 0.03
67 0.066
68 -999
69 0.076
70 0.013
71 -999
72 0.012
73 0.032
74 0.194
75 -999
76 0.115
77 0.034
