1 -999
2 -999
3 0.0
4 0.058
5 0.75
6 0.0
7 -999
8 -999
9 0.051
10 -999
11 -999
12 0.0
13 -999
14 0.32
15 -999
16 1.5
17 -999
18 -999
19 1.5
20 0.075
21 1.5
22 0.135
23 -999
24 -999
25 0.63
26 0.518
27 1.338
28 0.022
29 0.0
30 -999
31 0.217
32 0.0
33 1.5
34 -999
35 -999
36 -999
37 1.5
38 1.5
39 1.5
40 -999
41 -999
42 0.068
43 -999
44 -999
45 -999
46 0.0
47 0.252
48 0.201
49 0.087
50 -999
51 -999
52 -999
53 -999
54 -999
55 -999
56 0.036
57 -999
58 1.5
59 0.681
60 -999
61 0.058
62 0.068
63 0.0
64 0.126
65 -999
66 0.126
67 -999
68 -999
69 -999
70 -999
71 0.0
72 0.164
73 -999
74 1.374
