1 -999
2 -999
3 0.0
4 -999
5 -999
6 -999
7 -999
8 -999
9 0.372
10 0.256
11 -999
12 -999
13 -999
14 1.064
15 1.5
16 -999
17 0.29
18 0.216
19 0.213
20 -999
21 -999
22 0.0
23 -999
24 -999
25 0.0
26 0.259
27 0.0
28 0.209
29 0.156
30 -999
31 -999
32 -999
33 0.238
34 -999
35 -999
36 0.069
37 0.378
38 0.082
39 0.525
40 -999
41 1.5
42 1.5
43 1.5
44 1.5
45 1.5
46 0.321
47 -999
48 -999
49 1.496
50 -999
51 -999
52 -999
53 0.21
54 -999
55 -999
56 1.002
57 -999
58 0.567
59 1.5
60 0.822
61 -999
62 -999
63 -999
64 0.38
65 -999
