1 0.518
2 0.496
3 0.216
4 0.192
5 0.228
6 0.306
7 1.614
8 1.334
9 1.702
10 0.376
11 0.398
12 0.148
13 0.104
14 0.076
15 0.0
16 0.0
17 0.256
18 0.0
19 0.0
20 0.336
21 0.216
22 0.01
23 1.132
24 0.634
25 1.24
26 0.994
27 0.702
28 0.916
29 0.72
30 0.53
31 0.008
32 0.004
33 0.1
34 0.012
35 0.666
36 1.394
37 0.296
38 0.048
39 0.174
40 0.22
41 0.212
42 0.778
43 0.838
44 0.706
45 0.516
46 2.0
47 0.316
48 1.532
49 0.898
50 1.85
51 0.062
52 1.01
53 0.758
54 1.056
55 0.324
56 0.286
57 0.818
58 0.344
59 0.668
60 0.574
61 0.404
62 0.162
63 0.364
64 0.796
65 0.486
66 1.142
67 0.548
68 0.012
69 0.106
70 0.048
71 0.016
72 0.09
