1 0.13
2 0.062
3 0.076
4 0.076
5 0.054
6 0.05
7 0.14
8 0.242
9 0.088
10 0.05
11 0.004
12 0.024
13 0.166
14 1.026
15 0.284
16 2.0
17 2.0
18 2.0
19 2.0
20 0.806
21 0.166
22 0.014
23 0.01
24 0.016
25 0.036
26 0.0
27 0.014
28 0.014
29 0.028
30 0.092
31 0.15
32 0.804
33 2.0
34 1.962
35 2.0
36 0.79
37 1.668
38 2.0
39 0.09
40 0.028
41 0.102
42 0.012
43 0.062
44 0.044
45 0.032
46 0.076
47 0.44
48 0.004
49 0.0
50 0.014
51 0.002
52 0.014
53 0.03
54 0.076
55 0.166
56 0.104
57 0.03
58 0.076
59 0.0
60 0.038
61 0.022
62 0.006
63 0.012
64 0.018
65 0.028
66 0.064
67 0.07
68 0.158
69 0.108
70 0.038
71 0.082
72 0.084
73 0.364
74 0.046
75 0.146
76 0.452
