1 0.0
2 0.0
3 0.126
4 0.02
5 0.1
6 0.318
7 0.392
8 0.398
9 1.244
10 0.264
11 0.414
12 1.684
13 0.866
14 0.808
15 0.58
16 1.208
17 0.264
18 0.508
19 1.254
20 0.426
21 0.0
22 0.212
23 0.076
24 0.16
25 0.072
26 1.342
27 1.242
28 1.502
29 0.0
30 0.0
31 0.054
32 0.0
33 0.168
34 0.108
35 0.0
36 0.0
37 0.0
38 0.198
39 0.198
40 0.0
41 0.132
42 0.04
43 0.13
44 0.018
45 0.28
46 0.0
47 0.584
48 0.32
49 0.212
50 0.392
51 0.298
52 0.016
53 0.158
54 0.2
55 1.64
56 1.94
57 2.0
58 2.0
59 0.298
60 0.178
61 0.0
62 0.03
63 1.996
64 0.784
