1 0.278
2 0.14
3 0.198
4 0.024
5 0.024
6 0.092
7 0.3
8 0.148
9 0.4
10 0.504
11 0.254
12 0.518
13 2.0
14 1.814
15 2.0
16 2.0
17 2.0
18 2.0
19 1.014
20 0.3
21 0.138
22 0.0
23 0.0
24 0.158
25 0.592
26 0.058
27 0.096
28 0.442
29 0.094
30 0.332
31 1.546
32 2.0
33 2.0
34 2.0
35 2.0
36 1.242
37 0.176
38 0.078
39 0.038
40 0.51
41 0.222
42 1.982
43 1.446
44 0.408
45 0.0
46 1.01
47 0.476
48 0.032
49 0.468
50 0.012
51 0.162
52 0.402
53 0.136
54 0.172
55 0.012
56 0.02
57 0.0
58 0.158
59 0.062
60 0.082
61 0.106
