1 0.09
2 0.056
3 0.152
4 0.016
5 0.092
6 0.188
7 0.168
8 0.242
9 0.192
10 0.438
11 1.968
12 1.258
13 0.11
14 0.304
15 0.204
16 0.136
17 0.098
18 0.776
19 0.684
20 0.062
21 0.026
22 0.028
23 0.022
24 0.05
25 0.004
26 0.012
27 0.024
28 0.112
29 0.692
30 0.072
31 0.064
32 0.04
33 0.04
34 0.042
35 0.078
36 0.022
37 0.098
38 0.192
39 0.076
40 0.346
41 0.55
42 1.548
43 1.456
44 0.18
45 0.232
46 0.134
47 0.014
48 0.024
49 0.128
50 0.932
51 0.058
52 0.078
53 0.03
54 0.016
55 0.006
56 0.094
57 0.096
58 0.292
59 0.276
60 1.476
61 0.692
62 0.124
63 0.078
64 0.102
65 0.042
66 0.146
