1 1.874
2 0.068
3 0.196
4 0.05
5 0.0
6 0.066
7 0.056
8 0.206
9 0.54
10 0.53
11 0.438
12 0.534
13 1.97
14 0.84
15 0.26
16 0.754
17 0.606
18 0.082
19 0.008
20 0.328
21 0.168
22 0.0
23 0.0
24 0.222
25 0.054
26 0.068
27 0.062
28 0.06
29 0.168
30 0.0
31 0.29
32 0.072
33 0.056
34 0.14
35 0.224
36 0.334
37 0.046
38 0.014
39 0.088
40 1.918
41 1.536
42 2.0
43 0.182
44 2.0
45 0.958
46 1.678
47 1.63
48 1.256
49 2.0
50 0.312
51 2.0
52 0.118
53 0.088
54 0.134
55 0.308
56 0.356
57 0.442
58 0.872
59 1.526
60 0.462
61 0.054
62 0.292
63 0.072
64 0.534
65 0.292
