1 -999
2 -999
3 0.012
4 0.054
5 -999
6 -999
7 0.502
8 0.795
9 -999
10 -999
11 -999
12 -999
13 0.187
14 0.008
15 0.058
16 0.252
17 -999
18 0.356
19 0.034
20 -999
21 0.452
22 0.321
23 -999
24 0.851
25 -999
26 0.266
27 -999
28 -999
29 -999
30 0.619
31 -999
32 0.0
33 0.0
34 -999
35 -999
36 0.376
37 -999
38 -999
39 -999
40 -999
41 0.068
42 0.576
43 0.779
44 0.924
45 1.0
46 1.0
47 1.0
48 0.856
49 -999
50 -999
51 -999
52 0.379
53 0.397
54 0.558
55 -999
56 0.452
57 0.307
58 -999
59 -999
60 -999
61 -999
62 -999
63 0.498
64 -999
65 0.355
66 0.526
67 -999
68 -999
69 -999
70 -999
71 0.317
72 0.145
