1 -999
2 0.064
3 -999
4 -999
5 0.084
6 -999
7 -999
8 -999
9 0.963
10 -999
11 0.069
12 -999
13 0.071
14 0.654
15 -999
16 -999
17 -999
18 -999
19 -999
20 -999
21 0.161
22 -999
23 0.118
24 -999
25 0.086
26 -999
27 0.042
28 0.02
29 0.08
30 -999
31 0.126
32 0.226
33 -999
34 -999
35 1.0
36 1.0
37 -999
38 1.0
39 -999
40 0.016
41 -999
42 -999
43 -999
44 0.269
45 -999
46 -999
47 -999
48 0.065
49 0.029
50 -999
51 -999
52 -999
53 -999
54 -999
55 -999
56 0.177
57 -999
58 1.0
59 -999
60 0.855
61 0.028
62 0.077
63 0.059
64 0.072
65 -999
66 0.132
67 0.233
68 -999
69 -999
70 0.051
71 -999
72 0.092
73 1.0
74 0.942
75 0.869
76 0.539
