1 -999
2 -999
3 -999
4 -999
5 0.296
6 -999
7 0.315
8 -999
9 -999
10 -999
11 0.007
12 -999
13 -999
14 -999
15 0.044
16 0.111
17 -999
18 0.019
19 0.078
20 -999
21 0.422
22 -999
23 -999
24 0.203
25 -999
26 0.203
27 0.128
28 -999
29 0.511
30 0.186
31 0.531
32 -999
33 1.0
34 0.354
35 0.071
36 0.064
37 0.041
38 -999
39 0.335
40 1.0
41 1.0
42 1.0
43 -999
44 -999
45 -999
46 -999
47 0.156
48 0.058
49 0.053
50 0.129
51 -999
52 0.066
53 -999
54 1.0
55 1.0
56 1.0
57 0.086
58 -999
59 -999
60 -999
61 -999
62 0.17
63 -999
64 -999
65 0.139
66 -999
67 0.12
68 0.069
69 -999
70 -999
71 -999
72 -999
73 -999
74 1.0
75 1.0
76 -999
77 0.187
78 -999
79 -999
80 0.017
81 0.109
82 -999
83 -999
84 0.026
85 0.132
86 -999
87 0.071
88 0.465
89 -999
90 -999
91 0.026
92 0.111
93 0.021
94 0.084
95 -999
