1 0.063
2 -999
3 -999
4 -999
5 -999
6 -999
7 0.044
8 0.124
9 -999
10 -999
11 -999
12 0.54
13 0.505
14 -999
15 0.089
16 0.081
17 0.114
18 -999
19 -999
20 0.058
21 -999
22 -999
23 0.055
24 0.047
25 0.077
26 0.052
27 0.043
28 -999
29 -999
30 -999
31 0.05
32 -999
33 -999
34 0.014
35 0.174
36 0.034
37 0.079
38 -999
39 0.014
40 -999
41 -999
42 0.997
43 0.991
44 1.0
45 0.031
46 -999
47 0.012
48 -999
49 -999
50 0.631
51 -999
52 -999
53 -999
54 0.064
55 -999
56 -999
57 0.536
58 -999
59 0.823
60 1.0
61 0.802
62 -999
63 -999
64 -999
65 0.016
66 -999
