1 0
2 0.1107
3 0.044
4 0.0227
5 0.0
6 0
7 0.0
8 0.0
9 0.0
10 0.044
11 0.1787
12 0.5347
13 1.7133
14 1.78
15 1.2013
16 0.312
17 0.0893
18 0.0
19 0
20 0
21 0.0
22 0.0227
23 0.0667
24 0.5347
25 2
26 1.024
27 0.1333
28 0.044
29 0.0227
30 0.3787
31 0.312
32 0.1107
33 0.0227
34 0.512
35 1.224
36 0.2893
37 1.1573
38 1.7587
39 1.3133
40 1.8467
41 1.38
42 0.556
43 0.2453
44 0.912
45 1.4027
46 0.712
47 0.5347
48 0.4453
49 0.6013
50 0.8453
51 1.4027
52 2
53 2
54 1.0907
55 1.268
56 0.2893
57 1.0907
58 0.0893
59 1.1347
60 0.5347
61 0.4893
62 1.0013
63 0.2227
64 0.1787
65 1.3573
66 2
67 0.3333
68 0.356
69 2
70 0.2667
71 0.0893
72 0.1107
73 0.824
74 0.4227
75 0.1787
76 0.1333
77 0.0667
78 0.3333
79 0.2453
80 0.1107
81 0.0667
82 0.0
83 0.1333
84 0.3787
85 2
86 0.556
87 0.5347
88 2
89 0.5347
90 0.8453
91 0.156
92 0.0667
93 0.044
94 0.1333
95 0.156
96 0.1107
97 0.0667
98 0.1333
99 0.6893
100 1.224
101 0.556
102 0.0893
103 0.1787
104 0.356
105 0.4227
106 0.1787
107 2
108 2
109 1.18
110 0.4227
111 0.468
112 0
113 0.044
114 0.5347
115 0.044
116 0
117 0.1107
118 0.312
119 1.18
120 -999
