1 1.4227
2 0.012
3 0.1733
4 0.2733
5 0.984
6 1.1413
7 0.1747
8 0.496
9 1.06
10 1.2067
11 0.244
12 0.16
13 0.0
14 0.0893
15 0.0
16 0.684
17 1.948
18 2
19 2
20 2
21 2
22 1.2013
23 0.1
24 0.056
25 0.0707
26 0.0587
27 0.136
28 0.0947
29 0.3053
30 0.5733
31 0.692
32 0.304
33 0.0
34 0.0
35 0.0
36 0.0
37 0.0
38 0.0
39 0.0
40 0.1307
41 0.5067
42 0.476
43 0.6773
44 0.4067
45 0.4627
46 0.448
47 0.4573
48 0.432
49 0.148
50 0.0013
51 0.0
52 0.3693
53 0.5013
54 1.2067
55 0.0
56 2
57 2
58 1.4707
59 0.72
60 0.5613
61 0.556
62 0.4107
63 0.268
64 1.4813
65 0.508
66 0.2027
67 0.156
68 0.3333
69 0.568
70 1.0627
71 1.5107
72 0.7787
73 0.6027
74 1.1253
75 1.3067
76 1.7907
77 2
78 1.6747
79 0.9227
80 0.288
81 0.096
82 0.0107
83 0.0693
84 0.0333
85 0.0627
86 0.0493
87 0.0
88 0.0
89 0.3427
90 2
91 2
92 1.4427
93 0.888
94 1.528
95 1.2133
96 0.5653
97 0.1813
98 0.0933
99 0.0013
100 0.1227
101 0.084
102 0.0667
103 0.4987
104 0.9107
105 2
106 2
107 1.0613
108 0.5733
109 0.1907
110 0.0
111 0.0653
112 0.5413
113 0.276
114 0.6227
115 0.452
116 0.6587
117 0.3973
118 0.3693
119 0.216
120 0.3467
121 0.42
122 0.36
123 0.1787
124 0.0
125 0.0
126 0.0
127 0.0267
128 0.0827
129 0.024
130 0.0173
131 0.0333
132 0.0
133 0.048
134 0.036
135 0.0
136 0.0
137 0.2493
138 0.6333
139 1.7707
140 1.068
141 0.2253
142 0.1587
143 0.284
144 0.956
145 2
146 2
147 0.7613
148 0.0
149 0.0027
150 0.052
151 0.1627
152 0.0
153 0.0
154 0.484
155 0.7747
