1 1.1893
2 -999
3 -999
4 -999
5 -999
6 -999
7 -999
8 2
9 2
10 2
11 2
12 1.6587
13 -999
14 0.5293
15 0.5547
16 0.4307
17 0.1893
18 0.22
19 0.2733
20 0.2707
21 0.1307
22 0.1587
23 0.7467
24 2
25 2
26 1.5387
27 0.4
28 0.012
29 0.3307
30 0.172
31 0.1427
32 0.144
33 0.0613
34 0.1013
35 0.1707
36 0.188
37 0.0813
38 0.068
39 0.104
40 0.0893
41 0.1787
42 0.272
43 0.58
44 0.3773
45 0.1747
46 0.1787
47 0.008
48 0.0
49 0.0
50 0.328
51 0.8587
52 0.9853
53 0.868
54 0.4933
55 0.336
56 0.092
57 0.0
58 0.0
59 0.0
60 0.2093
61 0.8987
62 0.944
63 0.6093
64 0.228
65 0.0093
66 0.1507
67 0.0067
68 0.384
69 0.14
70 0.5133
71 0.0067
72 0.1547
73 0.0
74 0.6867
75 2
76 0
77 1.9
78 1.192
79 1.488
80 0.6373
81 0.132
82 0.0
83 0.2173
84 0.508
85 0.384
86 0.7613
87 0.0
88 0.2747
89 0.188
90 0.068
91 0.948
92 0.9267
93 0.2547
94 0.164
95 0.1547
96 0.0
97 0.0
98 0.1827
99 0.3333
100 0.512
101 1.884
102 1.3707
103 0.3347
104 0.0427
105 0.1067
106 0.1107
107 0.0933
108 0.0
109 0.0
110 2
111 0
112 2
113 2
114 2
115 2
116 0.9707
117 0.4027
118 0.1547
119 0.008
120 0.3773
121 0.7467
122 0.752
123 1.1853
124 1.2613
125 1.1867
126 0.8707
127 0.5947
128 0.2187
129 0.584
130 1.1547
131 1.7893
132 1.0147
133 2
134 -999
135 0.6893
136 0.1947
137 0.3507
138 0.4253
139 0.524
140 0.64
141 0.512
142 0.456
143 0.168
144 0.0147
145 0.2973
146 0.1413
147 0.1147
148 0.0
149 0.1827
150 0.188
151 0.0
152 0.0
153 0.16
154 0.16
155 0.0
156 0.4467
157 0.5147
158 2
159 2
160 2
161 2
162 0.6373
163 0.0293
164 0.0467
165 0.1053
166 0.368
167 0.0
168 0.052
169 0.0
170 0.2107
171 0.52
172 0.8027
173 0.6067
174 0.7453
175 0.3013
176 1.788
177 0.8493
178 0.972
179 0.32
180 0.2907
181 0.0
182 0.5493
183 1.8973
184 1.4227
185 1.1293
186 0.892
187 1.456
188 0.1267
189 0.0
190 0.0573
191 0.132
192 0.1533
193 0.224
194 0.664
195 0.5547
196 0.9307
197 0.38
198 0.1293
199 0
200 0.56
201 0.0787
202 1.1293
203 0.5667
204 1.5867
205 0.772
206 0.5547
207 0.2813
208 1.312
209 1.7987
210 1.6387
211 1.312
212 -999
213 -999
214 -999
