1	0.1787
2	0.0587
3	0.076
4	0.152
5	0.1253
6	0.12
7	0.1427
8	0.1747
9	0.248
10	0.264
11	0.2493
12	0.3413
13	0.3
14	0.2947
15	0.252
16	0.516
17	0.684
18	0.8867
19	1.0813
20	0.896
21	0.4707
22	0.3893
23	0.36
24	0.3747
25	0.2347
26	0.304
27	0.108
28	0.112
29	-999
30	1.4013
31	-999
32	-999
33	2
34	2
35	1.5507
36	1.5507
37	0.5013
38	0.528
39	0.1507
40	0.4573
41	0.6293
42	0.1173
43	0.1587
44	0.092
45	0.16
46	0.232
47	0.2773
48	0.1307
49	0.1067
50	0.112
51	0.0987
52	0.1053
53	0.176
54	1.3867
55	0.5493
56	0.408
57	0.1813
58	0.408
59	0.3373
60	0.1013
61	0.108
62	0.064
63	0.1427
64	0.1787
65	0.132
66	0.1693
67	0.08
68	0.1907
69	0.148
70	0.0893
71	0.0467
72	1.212
73	0.2987
74	0.7053
75	1.9667
