1 -999
2 0.0573
3 0.028
4 0.028
5 0.0427
6 0.0427
7 0.0133
8 0.0
9 0.0133
10 0.0133
11 0.028
12 0.0427
13 0.0573
14 0.0707
15 0.4707
16 0.0853
17 0.0
18 0.1427
19 0.612
20 1.168
21 1.352
22 1.124
23 1.6373
24 0.2413
25 0.1
26 0.1707
27 0.0707
28 0.0427
29 0.028
30 0.0427
31 0.0707
32 0.0573
33 0.0573
34 0.0853
35 1.7507
36 0.484
37 2
38 0.2133
39 0.028
40 0.0
41 0.0707
42 0.1707
43 0.7547
44 0.128
45 1.48
46 0.868
47 0.0853
48 0.0
49 0.0573
50 0.0853
51 0.2
52 0.356
53 1.6507
54 0.1147
55 0.1
56 0.028
57 0.0573
58 0.1
59 0.0707
60 0.2
61 0.1853
62 0.1707
63 0.228
64 0.0133
65 0.0707
66 0.0853
67 0.0853
68 0.0573
69 0.0853
70 1.096
71 0.0427
72 0.028
73 0.0427
74 0.1
75 0.0707
76 0.0707
77 0.0853
78 0.128
79 0.1
