1 -999
2 0.3987
3 0.4613
4 0.5493
5 0.4187
6 0.156
7 0.324
8 0.884
9 1.4813
10 0.8053
11 0.812
12 1.8293
13 0.8093
14 0.6467
15 0.6973
16 0.76
17 1.3947
18 2
19 1.908
20 0.2133
21 0.04
22 0.124
23 0.2427
24 0.168
25 -999
26 0.364
27 -999
28 -999
29 -999
30 0.3227
31 0.072
32 0.3
33 0.9867
34 2
35 2
36 2
37 2
38 0.1827
39 0
40 0.0373
41 -999
42 -999
43 0
44 0.108
45 0.3133
46 0.452
47 0.1133
48 0
49 0.2387
50 -999
51 -999
52 0.1627
53 0.388
54 -999
55 0.9427
56 2
57 2
58 1.364
59 0.6733
60 0.1107
61 0
62 0.052
63 0.4027
64 0.48
65 0.5733
66 0.2787
67 0.144
68 0.1867
69 0.088
70 0.128
71 0.0347
72 0.428
73 1.276
74 -999
75 -999
76 -999
77 0.5613
78 0.704
79 -999
80 0.1267
81 0.1147
82 0
83 0.212
84 -999
85 -999
86 0.216
87 0.32
88 0.4947
89 0.3
90 0.1533
91 0
92 0
93 0.2453
94 0.0773
95 0.152
96 0.2253
97 0.168
98 0.3653
99 0.4173
100 -999
101 0.8507
102 -999
103 1.844
104 -999
105 -999
106 1.5813
107 0.8733
108 0.664
109 0.928
110 0.1107
111 0
112 -999
113 -999
114 -999
115 0.1267
116 0.2027
117 0.064
118 0.5547
119 0
120 0.0267
121 0.1227
122 0.4693
123 2
124 2
125 2
126 1.2627
127 0.1253
128 0.2173
129 0.1373
130 0.06
131 0.3133
132 0.2347
133 -999
134 0.46
135 -999
136 2
137 -999
138 -999
139 -999
140 -999
141 -999
142 -999
143 -999
144 -999
145 -999
146 -999
147 -999
148 -999
149 2
150 2
151 2
152 -999
153 -999
154 0
155 0
156 0.1707
157 0.508
158 1.0413
159 -999
160 -999
161 0.7347
162 2
163 1.1
164 0.0987
165 0.4867
166 0.1533
167 -999
168 1.0027
169 1.196
170 0.464
171 0.14
172 0.0467
173 0.24
174 0.076
175 0.9173
176 0.5427
177 -999
178 -999
179 0
180 0
181 0.184
182 0.8053
183 -999
184 0
185 0
186 1.5907
187 1.048
188 -999
189 -999
190 -999
191 -999
192 -999
193 -999
