1 0.156
2 0.156
3 0.156
4 0.364
5 0.156
6 0
7 0.208
8 0.052
9 0.156
10 0.052
11 0
12 0.052
13 0.208
14 0
15 0.364
16 0.104
17 0.468
18 0.8307
19 0.572
20 0.312
21 0.364
22 0.208
23 0.208
24 0.156
25 0
26 0.052
27 0.104
28 0.104
29 0
30 0.052
31 0.052
32 0.312
33 0.312
34 0.208
35 0.156
36 0.052
37 0.156
38 0.936
39 2
40 2
41 1.5587
42 0
43 0.208
44 0.104
45 0
46 0.26
47 0
48 0.104
49 0.104
50 0.468
51 -999
52 -999
53 1.612
54 2
55 2
56 2
57 0.884
58 0.26
59 0.364
60 0.208
61 0.572
62 0
63 0.26
64 0.78
65 1.04
66 0.26
67 0.5187
68 0.312
69 0.312
70 0.5187
71 0.312
72 0.364
73 0.312
74 0.5187
75 -999
76 0.104
77 0.312
78 0.78
79 -999
80 0.728
81 1.1427
82 0.9867
83 1.7147
84 0.78
85 0.156
86 0
87 0.104
88 0.26
89 0.208
90 0.156
91 0.208
92 0.312
93 0.416
94 0.052
95 1.508
96 1.2987
97 1.196
98 -999
99 -999
100 -999
101 -999
102 -999
103 -999
104 -999
105 0.416
106 0.572
107 -999
108 1.768
109 0.312
110 -999
111 1.092
112 0.9867
113 2
114 0.468
115 0.8307
116 0.156
117 0.26
118 0.312
119 0.156
120 0.104
121 0.156
122 0.26
123 0.156
124 0.052
125 0.26
126 0
127 0.26
128 0.312
129 0.728
130 0.312
131 2
132 1.664
133 1.196
134 1.352
135 1.5587
136 1.248
137 0.6747
138 0.208
139 1.508
140 0.468
141 0.624
142 0.884
143 1.4547
144 1.976
145 0.9867
146 1.248
147 0.312
148 0.312
149 0
150 0.312
151 0.6747
152 1.508
153 2
154 2
155 2
156 2
157 0.156
158 0.052
159 0
160 0.104
161 0.26
162 0.6747
163 0.104
164 0.936
165 1.664
166 1.196
167 0.78
168 0.624
169 0.104
170 1.508
171 0.884
172 -999
173 0.104
174 -999
175 -999
176 -999
177 1.092
178 2
