1 0.056
2 0
3 0
4 0
5 0
6 0
7 0.1027
8 0
9 0
10 -999
11 -999
12 0.0533
13 0
14 0.0213
15 0.0893
16 -999
17 -999
18 0.0587
19 0
20 -999
21 0.1187
22 -999
23 0.4867
24 0.2373
25 -999
26 0.1813
27 0
28 0.212
29 0.1253
30 0.7867
31 0.6627
32 -999
33 -999
34 -999
35 -999
36 -999
37 -999
38 1.728
39 0.4267
40 0.3333
41 0.0787
42 0
43 0
44 0
45 -999
46 -999
47 -999
48 -999
49 -999
50 0
51 0.4933
52 -999
53 -999
54 1.9947
55 2
56 1.124
57 1.636
58 0.576
59 0.184
60 -999
61 -999
62 -999
63 -999
64 -999
65 -999
66 -999
67 -999
68 -999
69 -999
70 -999
71 0.0307
72 0.0667
73 -999
74 -999
75 -999
76 -999
77 -999
78 -999
79 -999
80 -999
81 0.1373
82 0.1787
83 0.008
84 0.4387
85 2
86 1.0227
87 1.0533
88 0.2893
89 0.1707
90 -999
91 -999
92 -999
93 -999
94 -999
95 -999
96 -999
97 -999
98 -999
99 -999
100 -999
101 -999
102 -999
103 -999
104 -999
105 -999
106 -999
107 -999
108 -999
109 -999
110 0.472
111 1.1347
112 0.3947
113 0.2667
114 -999
115 -999
116 -999
117 -999
118 -999
119 -999
120 1.6613
121 0.4027
122 0.3147
123 -999
124 -999
125 -999
126 -999
127 0.688
128 0.4747
129 0.3253
130 0
131 0.0453
132 0.0733
133 -999
134 -999
135 -999
136 -999
137 -999
138 -999
139 -999
140 -999
141 0.3027
142 0.3493
143 0.2507
144 0.276
145 0.0013
146 0
147 -999
148 -999
149 -999
150 -999
151 -999
152 -999
153 -999
154 -999
155 -999
156 -999
157 -999
158 -999
159 -999
160 -999
161 -999
162 -999
163 -999
164 -999
165 -999
166 -999
167 -999
168 0
169 -999
170 0.0613
171 0.092
172 1.276
173 1.3853
174 2
175 -999
176 2
177 2
178 0.6187
179 0.1693
180 0.0267
181 -999
182 -999
183 -999
184 -999
185 -999
186 -999
187 -999
188 -999
189 -999
190 -999
191 -999
192 -999
193 -999
194 -999
195 -999
196 -999
197 -999
198 -999
199 -999
200 -999
201 -999
202 -999
203 -999
204 -999
205 0.0067
206 0.312
207 0.1907
208 0.152
209 0.3453
210 0.0973
211 0.2893
212 -999
213 -999
214 -999
215 -999
216 -999
217 -999
218 -999
219 -999
220 -999
221 -999
222 -999
223 -999
224 -999
225 -999
226 -999
227 -999
228 -999
229 -999
230 -999
231 -999
232 -999
233 -999
234 -999
235 -999
236 -999
237 -999
238 -999
239 -999
240 -999
241 -999
242 -999
243 -999
244 -999
245 -999
246 -999
247 -999
248 -999
249 -999
250 -999
251 -999
252 -999
253 0.2427
254 0.152
255 -999
256 -999
257 -999
258 -999
259 -999
260 0.5613
261 -999
262 -999
263 -999
264 -999
265 1.068
266 0.1853
267 0.04
268 0
269 -999
270 -999
271 -999
272 -999
273 0.732
274 0.5493
275 1.3013
276 0.408
277 0.0187
278 0.336
279 -999
280 -999
281 -999
282 -999
283 -999
284 -999
285 -999
286 -999
287 -999
288 -999
289 -999
290 -999
291 -999
292 -999
293 -999
294 -999
295 -999
296 -999
297 -999
298 -999
299 -999
300 -999
301 -999
302 -999
303 -999
304 -999
305 -999
306 -999
307 0.2427
308 0.1787
309 0.0907
310 -999
311 0.4827
312 0.168
313 0.1307
314 -999
315 -999
316 -999
317 -999
318 -999
319 -999
320 -999
321 -999
322 -999
323 -999
324 -999
325 -999
326 -999
327 -999
328 -999
329 -999
330 -999
331 -999
332 -999
333 -999
334 -999
335 -999
336 -999
337 -999
338 -999
339 -999
340 -999
341 -999
342 -999
343 -999
344 -999
345 -999
346 0.088
347 0.6173
348 1.9333
349 -999
350 0.4467
351 0.2573
352 1.288
353 0.064
354 2
355 0.208
356 1.7387
357 2
358 2
359 -999
360 -999
361 -999
362 -999
363 -999
364 -999
365 -999
366 -999
367 -999
368 -999
369 -999
370 1.8707
371 1.1187
372 0.92
373 0.3427
374 0.2
375 0.1853
376 -999
377 0.328
378 -999
379 -999
380 -999
381 -999
382 -999
383 -999
384 -999
385 -999
386 -999
387 -999
388 1.804
389 2
390 2
391 -999
392 2
393 1.0987
394 0.3253
395 -999
396 -999
397 -999
398 -999
399 0.184
400 0
401 0.8307
402 0.556
403 0.3467
404 0.14
405 0.3107
406 0.104
407 -999
408 -999
409 -999
410 -999
411 0.1547
412 0.4413
413 -999
414 -999
415 -999
416 -999
417 -999
418 -999
419 -999
420 -999
421 1.06
422 2
423 2
424 2
425 -999
426 2
427 0.968
428 -999
429 -999
430 -999
431 -999
432 -999
433 -999
434 -999
435 -999
436 -999
437 -999
438 -999
439 -999
440 -999
441 -999
442 -999
443 -999
444 -999
445 -999
446 -999
447 -999
448 -999
449 -999
450 -999
451 -999
452 -999
453 -999
454 -999
455 -999
456 -999
457 -999
458 -999
459 -999
460 -999
461 -999
462 -999
463 -999
464 -999
465 -999
466 -999
467 -999
468 -999
469 0.2213
470 0.2307
471 0
472 -999
473 0
474 0.0747
475 0.7227
476 -999
477 -999
478 -999
479 0.344
480 -999
481 -999
482 -999
483 0.0587
484 -999
485 0.0373
486 0.3347
487 0.112
488 0.012
489 -999
490 -999
491 0
492 0
493 0
494 0.008
495 0.2973
496 -999
497 -999
498 0.9853
499 0.672
500 0.6093
501 0.7253
502 0.7053
503 -999
504 -999
505 0.6173
506 0.4293
507 0.02
508 -999
509 -999
510 -999
511 -999
512 0
513 -999
514 0.2053
515 -999
516 -999
517 -999
518 -999
519 -999
520 -999
521 -999
522 -999
523 -999
524 -999
525 -999
526 -999
527 0.6213
528 -999
529 1.288
530 1.78
531 0.3987
532 0.0827
533 0.3333
534 0.0333
535 0
536 0
537 -999
538 -999
539 -999
540 -999
541 -999
542 -999
543 -999
544 -999
545 -999
546 -999
547 -999
548 -999
549 -999
550 -999
551 -999
552 -999
553 -999
554 0.7907
555 0.12
556 0.0627
557 -999
558 -999
559 -999
560 -999
561 -999
562 -999
563 0.16
564 -999
565 0.0587
566 0.4213
567 -999
568 -999
569 -999
570 -999
571 -999
572 -999
573 -999
574 -999
575 -999
576 -999
577 -999
578 -999
579 -999
580 -999
581 -999
582 -999
583 1.7573
584 1.6693
585 1.1213
586 0.436
587 1.6893
588 1.9133
589 2
590 0.1773
591 -999
592 -999
593 -999
594 -999
595 -999
596 -999
597 2
598 2
599 1.796
600 1.12
601 -999
602 -999
603 -999
604 -999
605 -999
606 -999
607 0.4653
608 0.0307
609 0
610 0
611 -999
612 0.3653
613 0.192
614 0.0467
615 0.0347
616 -999
617 -999
618 0.3933
619 2
620 2
621 -999
622 2
623 -999
624 -999
625 -999
626 -999
627 -999
628 -999
629 0.4853
630 0.4787
631 0.1933
632 0.9187
633 2
634 0.8507
635 0.032
636 0
637 0
638 0.2307
639 0.8427
640 -999
641 -999
642 -999
643 -999
644 1.0653
645 1.1587
646 0.1227
647 0
648 0
649 0.292
650 -999
651 -999
652 -999
653 -999
654 -999
655 -999
656 -999
657 -999
658 -999
659 -999
660 -999
661 -999
662 -999
663 -999
664 -999
665 -999
666 -999
667 -999
668 -999
669 0.0293
670 0.9187
671 2
672 2
673 1.1627
674 0.18
675 0.7253
676 -999
677 0.4013
678 0
679 -999
680 -999
681 -999
682 -999
683 -999
684 0.3013
685 0.3667
686 0.4453
687 0
688 -999
689 0.324
690 0.2427
691 -999
692 -999
693 -999
694 0.1387
695 -999
696 0.5227
697 -999
698 -999
699 0.8333
700 0.1947
701 0.1213
702 0.4293
703 0.64
704 0.84
705 0.3467
706 -999
707 0.724
708 0.0827
709 0
710 0.4507
711 0.8533
712 0.596
713 0.2227
714 1.036
715 0.0293
716 0.2293
717 0.788
718 0.9013
719 0.088
720 2
721 0
722 -999
723 0.3227
724 0.464
725 0.204
726 -999
727 2
728 1.3267
729 1.0827
730 1.2747
731 -999
