1 -999
2 -999
3 -999
4 -999
5 -999
6 -999
7 -999
8 -999
9 -999
10 -999
11 -999
12 -999
13 -999
14 -999
15 -999
16 -999
17 -999
18 -999
19 -999
20 -999
21 -999
22 -999
23 -999
24 -999
25 -999
26 -999
27 -999
28 -999
29 -999
30 -999
31 -999
32 -999
33 -999
34 -999
35 -999
36 -999
37 -999
38 -999
39 -999
40 -999
41 -999
42 -999
43 -999
44 -999
45 -999
46 -999
47 -999
48 -999
49 -999
50 -999
51 -999
52 -999
53 -999
54 -999
55 -999
56 -999
57 0.6613
58 0.356
59 1.1907
60 2
61 1.6453
62 0.604
63 0.748
64 0.6787
65 0.612
66 0.5227
67 0.4347
68 0.4147
69 0.348
70 0.456
71 0.5533
72 0.408
73 0.496
74 0.7947
75 2
76 2
77 1.136
78 0.524
79 -999
80 0
81 0.6787
82 0.3627
83 0.344
84 0.7413
85 -999
86 1.368
87 0.7987
88 1.2067
89 0.9333
90 0.0493
91 0.176
92 0.396
93 0.4627
94 0.8373
95 1.2827
96 2
97 2
98 2
99 1.6133
100 0.7973
101 0.412
102 0.032
103 0.2267
104 0.3467
105 0.7507
106 0.1307
107 0.364
108 0.3667
109 0.22
110 -999
111 0.216
112 0.2413
113 0.66
114 2
115 1.7827
116 0.7907
117 0.3107
118 0.4413
119 0.0987
120 0.3627
121 0.244
122 0.2293
123 0.084
124 0.116
125 0.1213
126 0.1733
127 0.316
128 0.1507
129 0.5547
130 0.7307
131 1.316
132 2
133 -999
134 -999
135 -999
136 -999
137 -999
138 -999
139 -999
140 -999
141 -999
142 -999
143 -999
144 -999
145 -999
146 -999
147 -999
148 -999
149 -999
150 -999
151 -999
152 2
153 2
154 2
155 2
156 2
157 0.9147
158 0.3067
159 0.068
160 0.2467
161 0.8947
162 2
163 1.164
164 0.428
165 0.3893
166 0.5573
167 0.3653
168 0.2267
169 0.1667
170 -999
171 -999
172 0.3107
173 -999
174 0.1307
175 0.0947
176 0.3427
177 0.852
178 0.4213
179 0.076
180 0.0187
181 0.004
182 0.0493
183 0.1693
184 0.176
185 0.48
186 0.2387
187 0.312
188 0.3827
189 -999
190 -999
191 -999
192 -999
193 -999
194 -999
195 -999
196 -999
197 -999
198 -999
199 -999
200 -999
201 -999
202 -999
203 -999
204 1.096
205 2
206 2
207 1.4373
208 0.4853
209 0.2747
210 0.2893
211 0.3453
212 0.0453
213 0
214 0
215 0.14
216 -999
217 0.0667
218 0.0653
219 0.2787
220 0.2907
221 0.4653
222 0.2227
223 0
224 0
225 0.2293
226 -999
227 -999
228 0.684
229 0.304
230 -999
231 0.236
232 0.1187
233 0
234 0.016
235 0
236 0
237 0.196
238 0.3253
239 0.6213
240 0.5707
241 0.224
242 0.188
243 0.1493
244 0.2707
245 0.5053
246 0.2333
247 0.412
248 2
249 -999
250 0.4867
251 0.2293
252 0
253 0
254 0
255 0
256 -999
257 -999
258 -999
259 0.0893
260 0
261 0.26
262 0.4853
263 0.1467
264 0.216
265 0.1773
266 0.0267
267 0.0493
268 0.096
269 0
270 0
271 0
272 0.1347
273 0.2147
274 0.228
275 0.2733
276 0.4813
277 0.6507
278 0.324
279 0.328
280 0.12
281 0.4627
282 0.9147
283 0.4467
284 0.2227
285 0.248
286 0.016
287 0.4093
288 1.3413
289 0.5187
290 0.3013
291 0.2187
292 0
293 0.0107
294 0.0533
295 0
296 0.12
297 0.0267
298 0
299 0
300 0
301 0
302 0.12
303 -999
304 -999
305 0.304
306 0.54
307 0.608
308 0
309 0
310 0.748
311 0.6053
312 2
313 2
314 2
315 1.3853
316 -999
317 2
318 2
319 2
320 2
321 2
322 2
323 0.6333
324 0
325 0
326 0.0707
327 0.1893
328 0.204
329 0.0307
330 0
331 0
332 0
333 0
334 0.1493
335 -999
336 0.1733
337 0.8907
338 0.6933
339 -999
340 0
341 -999
342 -999
343 -999
344 -999
345 0
346 0.0307
347 0.3093
348 1.3413
349 -999
350 2
351 1.788
352 0.672
353 0.3813
354 0.0013
355 0.0387
356 -999
357 0.0507
358 0.008
359 -999
360 0.2173
361 0.0427
362 0
363 -999
364 0
365 0.0027
366 0
367 0
368 0
369 0.068
370 0.1747
371 0.3627
372 0.1453
373 0.6973
374 1.7307
375 2
376 2
377 -999
378 -999
379 -999
380 -999
381 -999
382 -999
383 -999
384 -999
385 -999
386 -999
387 -999
388 -999
389 2
390 2
391 2
392 0.9533
393 0.372
394 0.1773
395 0.2053
396 0.4027
397 0.5333
398 0.412
399 1.372
400 2
401 2
402 2
403 1.0187
404 0.4347
405 0.1267
406 0.508
407 0.192
408 0.2013
409 0.208
410 0.34
411 0.4213
412 0.6187
413 0.032
414 0.0147
415 0.5627
416 1.4267
417 -999
418 -999
419 -999
420 1.1533
421 -999
422 0.1333
423 0.0493
424 0
425 0.0627
426 0.592
427 1.48
428 0.268
429 0.0427
430 0.724
431 0.2187
432 -999
433 -999
434 -999
435 -999
436 -999
437 -999
438 0.5773
439 2
440 0.6227
441 0.392
442 0.0267
443 0
444 0
445 0.8947
446 1.572
447 2
448 2
449 1.7067
450 2
451 1.2467
452 0.1613
453 0.1653
454 0.144
455 0.184
456 0.268
457 -999
458 0.3987
459 0.46
460 0.2573
461 0.3227
462 2
463 0.8813
464 0.24
465 0.6613
466 1.0053
467 1.1147
468 2
469 0.844
470 0.3653
471 0.4293
472 0.1347
473 0.132
474 0
475 0.408
476 0.5613
477 0.0987
478 1.2773
479 2
480 0.1813
481 0.064
482 0.0267
483 -999
484 0.052
485 0
486 0
487 0
488 0.1453
489 0.3533
490 1.2173
491 0.6547
492 1.028
493 1.144
494 2
495 0.1747
496 2
