1 -999
2 0.16
3 0.2133
4 0.36
5 0.9067
6 0.2133
7 0.1067
8 0.0933
9 0.0667
10 0.0533
11 0.0533
12 0.04
13 0.0933
14 0.0133
15 0.12
16 0.4533
17 2
18 0.1067
19 0.1867
20 0.04
21 0.04
22 1.7067
23 1.8267
24 2
25 0.2933
26 0.0667
27 0.0667
28 0
29 0
30 0.32
31 1.4267
32 1.7733
33 0.84
34 0.1867
35 2
36 0
37 0
38 0.0533
39 0.0133
40 0.1333
41 0.1067
42 0.2133
43 0
44 0
45 -999
46 -999
47 -999
48 -999
49 0
50 0.0533
51 0.08
52 0.0533
53 0
54 0.1867
55 -999
56 0.3067
57 0.8133
58 0.0667
59 0.08
60 -999
61 0.0533
62 0.0133
63 0.04
64 0.56
65 0.0133
66 0.04
67 0.1333
68 0.4267
69 0.2933
70 -999
71 0.0133
72 0.1067
73 0.2533
74 -999
75 0.3467
76 0.1733
77 0.0267
78 0
79 0.0133
80 0.0133
81 0.0133
82 0.32
83 0.8
84 0.4133
85 -999
86 1.08
87 1.08
88 1.32
89 -999
90 0.12
91 0.08
92 0.2133
93 0.2267
94 0.3067
95 -999
96 0.0533
97 0.0933
98 -999
99 0.4133
100 0.3333
101 0.2667
102 0.08
103 0.16
104 0.5067
105 0
106 -999
107 -999
108 0.0133
109 0.0533
110 0.2267
111 0.9867
112 0.3733
113 -999
114 -999
115 0.1733
116 0.12
117 0.16
118 0.2533
119 0.16
120 0.0133
121 0.1067
122 0.3333
123 0.8
124 0.16
125 0.1333
126 0.04
127 0.1067
128 0.0667
129 -999
130 0.2667
131 0.08
132 0.08
133 0.2267
134 0.6667
135 -999
136 0.2267
137 -999
138 -999
139 0.3733
140 0.7333
141 -999
142 -999
143 -999
144 -999
145 -999
146 -999
147 -999
148 -999
149 -999
150 -999
151 -999
152 -999
153 -999
154 0.5067
155 0.7867
156 0.2667
157 -999
158 -999
159 -999
160 -999
161 -999
162 -999
163 -999
164 -999
165 -999
166 -999
167 -999
168 -999
169 -999
170 -999
171 0.68
172 -999
173 -999
174 -999
175 -999
176 -999
177 -999
178 -999
179 -999
180 -999
181 0.6133
182 0.0267
183 0.08
184 0.1067
185 0.08
186 0.1333
187 0.16
188 0.5733
189 -999
190 1.1867
191 0.6667
192 0.04
193 0.12
194 0.2533
195 0.1333
196 0.1333
197 0.08
198 0.2933
199 0.16
200 0.0133
201 0
202 0
203 -999
204 0.16
205 0.08
206 0.1867
207 0.08
208 0.0533
209 0.0533
210 -999
211 0.2667
212 0.16
213 0.3867
214 0.4533
215 0.84
216 0.76
217 0.6667
218 0.0667
219 -999
220 -999
221 -999
222 -999
223 -999
224 -999
225 -999
226 -999
227 -999
228 -999
229 0.0667
230 0.04
231 0.5067
232 0.4933
233 0.2533
234 0.5867
235 0.3733
236 0.2533
237 -999
238 -999
239 -999
240 0.1867
241 -999
242 -999
243 0.9333
244 -999
245 -999
246 -999
247 -999
248 -999
249 -999
250 -999
251 -999
252 -999
253 -999
254 -999
255 -999
256 -999
257 -999
258 1.6
259 0.8533
260 0.2267
261 0.04
262 0.0133
263 0.0133
264 0.0933
265 0.0667
266 0.1867
267 0.3467
268 0.2667
269 -999
270 -999
271 -999
272 -999
273 -999
274 -999
275 1.04
276 0.8667
277 -999
278 0.3867
279 0.0533
280 0
281 0
282 0.0133
283 0.12
284 0.0667
285 0.0133
286 0.0267
287 0.0267
288 0.12
289 -999
290 0.1867
291 0.1067
292 0
293 0
294 0.0133
295 0.0133
296 -999
297 -999
298 -999
299 -999
300 -999
301 -999
302 -999
303 -999
304 -999
305 -999
306 -999
307 -999
308 -999
309 -999
310 -999
311 -999
312 -999
313 -999
314 0.1467
315 1.3467
316 -999
317 0.8
318 -999
319 0.5467
320 -999
321 0.84
322 1.1467
323 1.1333
324 -999
325 -999
326 -999
327 -999
328 -999
329 -999
330 -999
331 -999
332 -999
333 -999
334 -999
335 -999
336 -999
337 -999
338 -999
339 -999
340 -999
341 1.12
342 0.2267
343 0.84
344 1.0133
345 1.0533
346 0.8933
347 0.8133
348 0.7733
349 1.1867
350 -999
351 -999
352 -999
353 -999
354 -999
355 -999
356 -999
357 -999
358 -999
359 -999
360 1.08
361 1.52
362 0.2267
363 -999
364 -999
365 -999
366 0.12
367 0.0667
368 0.4
369 0.3333
370 0.5467
371 0.3333
372 0.6
373 0.76
374 -999
375 -999
376 -999
377 -999
378 -999
379 -999
380 0.8533
381 0.5333
382 0.1867
383 0.0133
384 0.1867
385 0.2133
386 0.1867
387 0.12
388 0.44
389 0.72
390 0.0667
391 0.2267
392 0.2933
393 -999
394 1.64
395 -999
396 2
397 2
398 1.1467
399 0.0667
400 0.0667
401 0.04
402 0.1333
403 0.52
404 0
405 0.1333
406 0.04
407 0
408 0.0133
409 0.12
410 0.2133
411 -999
412 -999
413 -999
414 -999
415 -999
416 -999
417 1.1867
418 1.68
419 0.08
420 0.0133
421 0.0533
422 0.12
423 0.12
424 0.0933
425 -999
426 0.0933
427 0
428 0.1333
429 0
430 0.16
431 0.08
432 0.12
433 0.2133
434 1.6
435 1.5867
436 2
437 0.0533
438 0.12
439 0.0933
440 -999
441 -999
442 0.1733
443 0.4133
444 -999
445 0.4267
446 0.5333
447 -999
448 0.1067
449 0.16
450 -999
451 -999
452 0.24
453 0.1067
454 0.9067
455 0.7333
456 0.3067
457 0.3733
458 -999
459 0.12
460 0.2933
461 0.9733
462 1.3867
463 0.6667
464 0.3067
465 0.4933
466 0.48
467 0.3867
468 0.3867
469 0.08
470 0.64
471 0.9867
472 0.8
473 0.6133
474 0.8133
475 0.5333
476 -999
477 -999
478 -999
479 -999
480 -999
481 -999
482 -999
483 -999
484 -999
485 -999
486 -999
487 -999
488 -999
489 0.5467
490 0.3733
491 0.5467
492 0.68
493 1.04
494 0.3867
495 0.1867
496 0.2133
497 0.2533
498 -999
499 -999
500 0.0667
501 0.3333
502 1.2533
503 0.8267
504 1.3867
505 0.1333
506 0.1867
507 0.16
508 0.1733
509 0.1867
510 0.6133
511 1.1333
512 0.6533
513 0.9733
514 0.3467
515 0.4267
516 1.0667
517 0.8533
518 0.52
519 0.4133
520 -999
521 0.6133
522 0.3733
523 0.3467
524 0.0667
525 0.04
526 0.0667
527 0.1733
528 0.0533
529 0.7333
530 0.76
531 0.6533
532 0.9067
533 0.3067
534 0.04
535 0.2533
536 0.1867
537 0.2533
538 0.3467
539 0.5867
540 0.16
541 0.8667
542 0.2667
543 0.4667
544 0.6267
545 0.5867
546 0.2267
547 0.12
548 0.08
549 0.0133
550 0.16
551 0
552 0.1867
553 0.6533
554 0.4533
555 0.5733
556 0.56
557 0.1067
558 0.5867
559 1.08
560 0.8133
561 1.2667
562 0.4267
563 1.08
564 -999
565 -999
566 0.44
567 0.7067
568 0.4267
569 0.4933
570 0.5867
571 0.2267
572 1.1333
573 0.64
574 0.76
575 0.9333
576 0.64
577 0.6667
578 0.4667
579 0.5467
580 0.2533
581 0.4133
582 0.8267
583 0.84
584 0.68
585 0.2933
586 0.24
587 0.08
588 0.2
589 0.36
590 0.0533
591 0
592 0.0933
593 0.1867
594 0.0667
595 0.24
596 0.8133
597 0.76
598 0.9067
599 1.2133
600 0.9867
601 1.2
602 1.04
603 0.6667
604 0.2533
605 0.9333
606 1.1467
607 0.0533
608 1
609 0.0667
610 1.2
611 0.7867
612 0.5333
613 0
614 0.5467
615 0.5733
616 0.6533
617 0.8267
618 0.72
619 0
620 1.1867
621 0.08
622 1.72
623 0
624 0.8533
625 0.5867
626 0.28
627 0.9333
628 0.4667
629 0.44
630 0.2
631 0.04
632 0.0267
633 0.4133
634 0.32
635 0.32
636 0.0133
637 0.7067
638 0.5333
639 0.8133
640 0.1867
641 0.76
642 0.2
643 0.0533
644 0.2267
645 1.2933
646 0.8133
647 1.1867
648 0.9467
649 0.3733
650 0.8667
651 1.0267
652 0.3333
653 0.5467
654 0.24
655 0.9333
656 0.0133
657 0.7733
658 0.44
659 0.4267
660 0.7467
661 0.7467
662 0.7467
663 0.2933
664 0.1067
665 0.16
666 0.2133
667 0.12
668 0
669 0.7867
670 1.7467
671 0.08
672 0.36
673 1.4267
674 1.6667
675 1.8133
676 0.8
677 1.2933
678 0.8533
679 1.1733
680 0.0133
681 0.8667
682 0.4267
683 0.12
684 1.2267
685 0.72
686 1.0133
687 1.6
688 0.4133
