1 0.404
2 0.068
3 0
4 0.372
5 0.408
6 0.6
7 0.6373
8 0.444
9 0.18
10 0.164
11 0.1027
12 0.1667
13 1.6813
14 0.7787
15 1.2947
16 1.8747
17 -999
18 2
19 -999
20 -999
21 1.872
22 1.5387
23 -999
24 1.812
25 0.1493
26 0.168
27 -999
28 -999
29 -999
30 -999
31 0.0933
32 0.16
33 0.1453
34 0.1653
35 0.064
36 -999
37 -999
38 -999
39 -999
40 -999
41 0.2427
42 0.4867
43 1.7733
44 2
45 0.0613
46 0.004
47 -999
48 -999
49 0.0533
50 0.0867
51 0.06
52 0
53 -999
54 0.044
55 0.3307
56 0.0347
57 -999
58 -999
59 -999
60 -999
61 -999
62 -999
63 -999
64 -999
65 -999
66 -999
67 -999
68 -999
69 -999
70 -999
71 -999
72 -999
73 -999
74 -999
75 -999
76 -999
77 -999
78 -999
79 -999
80 -999
81 -999
82 -999
83 -999
84 -999
85 -999
86 -999
87 -999
88 -999
89 -999
90 -999
91 0
92 0.0213
93 0.0213
94 0
95 0
96 0
97 0.3813
98 0.6627
99 -999
100 -999
101 0.664
102 0.7693
103 0.1293
104 0.0293
105 0.0347
106 0.0013
107 0
108 0
109 -999
110 -999
111 -999
112 -999
113 -999
114 -999
115 -999
116 0.6
117 0.0907
118 -999
119 0.0507
120 0.0227
121 0.0053
122 0.02
123 0.0147
124 0
125 0
126 0
127 0
128 0.012
129 0.0933
130 0.048
131 0
132 -999
133 -999
134 0
135 0.036
136 0.0693
137 -999
138 0.1413
139 0.4227
140 -999
141 -999
142 -999
143 0.4693
144 2
145 0.372
146 -999
147 -999
148 -999
149 -999
150 -999
151 0.288
152 0.0507
153 0
154 0
155 -999
156 0.0307
157 0.3693
158 2
159 -999
160 -999
161 0.2133
162 0.62
163 0.0347
164 0.028
165 0.0213
166 0.0067
167 -999
168 -999
169 0.0147
170 0.02
171 0
172 0
173 -999
174 -999
175 0.028
176 0.02
177 0
178 0.0053
179 0
180 0.0173
181 0.048
182 0.0507
183 0.0387
184 0.0253
185 -999
186 0
187 0
188 0.0013
189 0.0827
190 -999
191 -999
192 1.9187
193 0.04
194 0.04
195 -999
196 0.0187
197 -999
198 -999
199 -999
200 0.0147
201 0
202 0
203 0
204 0.0013
205 0
206 -999
207 -999
208 0.0333
209 0.1587
210 0.5667
211 0.3533
212 1.608
213 2
214 0.2853
215 -999
216 -999
217 0.0013
218 0.02
219 0
220 0.0107
221 -999
222 -999
223 -999
224 -999
225 0.0013
226 0.1787
227 0.0573
228 0.016
229 0.032
230 -999
231 0.0267
232 0.0227
233 0.028
234 0
235 0
236 0
237 0.34
238 0.4027
239 -999
240 -999
241 0.7133
242 1.196
243 1.924
244 1.124
245 0.644
246 -999
247 -999
248 1.0387
249 1.0133
250 1.032
251 0.2053
252 -999
253 -999
254 -999
255 -999
256 -999
257 0.0147
258 0.0027
259 0.0173
260 0
261 0.016
262 0
263 0
264 -999
265 -999
266 -999
267 0.0453
268 0.0173
269 -999
270 -999
271 -999
272 0.0467
273 0.1773
274 1.356
275 0.6933
276 -999
277 -999
278 0.5093
279 0.22
280 0.064
281 0.032
282 -999
283 -999
284 -999
285 -999
286 0.0147
287 0
288 0.02
289 0.048
290 -999
291 0.496
292 0.2253
293 0.5
294 -999
295 -999
296 -999
297 -999
298 -999
299 -999
300 -999
301 -999
302 -999
303 -999
304 -999
305 -999
306 -999
307 -999
308 -999
309 -999
310 -999
311 -999
312 -999
313 -999
314 -999
315 -999
316 -999
317 0.5787
318 1.052
319 -999
320 2
321 2
322 2
323 2
324 2
325 2
326 0.8187
327 1.1653
328 1.0587
329 0.5133
330 0.192
331 -999
332 -999
333 -999
334 -999
335 -999
336 -999
337 -999
338 -999
339 -999
340 -999
341 -999
342 0.2347
343 0.156
344 0
345 -999
346 0
347 0
348 0
349 0.3307
350 0.9213
351 0.7733
352 1.248
353 1.3293
354 1.152
355 -999
356 -999
357 -999
358 -999
359 -999
360 -999
361 -999
362 -999
363 -999
364 -999
365 1.2813
366 1.3907
367 2
368 -999
369 1.648
370 1.4533
371 2
372 1.2493
373 1.6413
374 1.5307
375 2
376 2
377 1.3067
378 2
379 -999
380 -999
381 2
382 2
383 -999
384 -999
385 -999
386 -999
387 -999
388 -999
389 -999
390 -999
391 -999
392 0.8733
393 1.2013
394 0.0373
395 0.0107
396 -999
397 0.0107
398 0.0173
399 0.2373
400 0.2453
401 -999
402 -999
403 -999
404 0.4133
405 0.456
406 0.5493
407 0.5147
408 0.3867
409 0.2267
410 0.168
411 1.4373
412 2
413 -999
414 2
415 2
416 2
417 -999
418 0.204
419 0.104
420 -999
421 -999
422 0.1693
423 0.516
424 0.2347
425 0.3253
426 -999
427 -999
428 0.264
429 0.256
430 1.2653
431 1.3227
432 0.8973
433 1.4707
434 -999
435 -999
436 -999
437 -999
438 1.728
439 1.164
440 0.4173
441 0.232
442 0.688
443 2
444 1.5653
445 0.0187
446 0.076
447 0
448 0.0773
449 -999
450 1.7773
451 2
452 2
453 2
454 -999
455 1.352
456 1.1373
457 0.1427
458 0.212
459 -999
460 -999
461 -999
462 -999
463 -999
464 -999
465 -999
466 -999
467 -999
468 -999
469 -999
470 -999
471 -999
472 -999
473 -999
474 -999
475 -999
476 -999
477 -999
478 -999
479 -999
480 -999
481 -999
482 -999
483 -999
484 -999
485 -999
486 -999
487 -999
488 -999
489 -999
490 -999
491 -999
492 -999
493 -999
494 -999
495 -999
496 -999
497 -999
498 -999
499 -999
500 0.1173
501 0.24
502 -999
503 0.0507
504 0.128
505 0.2373
506 -999
507 0.0827
508 -999
509 0.1
510 0.2493
511 0.9693
512 1.7787
513 0.3093
514 0.0907
515 -999
516 0.1533
517 0.1493
518 0
519 0.1387
520 -999
521 0.0653
522 0.24
523 0.2453
524 0.2227
525 0.12
526 0
527 0.3
528 0.22
529 -999
530 0.8413
531 0.152
532 0.1147
533 0.272
534 -999
535 0.1027
536 0.1653
537 0.0773
538 1.924
539 0.184
540 0.1227
541 -999
542 -999
543 -999
544 -999
545 -999
546 -999
547 -999
548 -999
549 -999
550 -999
551 -999
552 0.092
553 0.1853
554 -999
555 0.3573
556 0.28
557 0.3747
558 0.244
559 0.0707
560 0.12
561 -999
562 0.1293
563 0.9547
564 2
565 0.18
566 0.148
567 0.1147
568 -999
569 0.232
570 0.1813
571 0.1333
572 0.1853
573 0.1347
574 -999
575 -999
576 -999
577 -999
578 -999
579 -999
580 0.1173
581 0.112
582 0.072
583 0.06
584 0.0227
585 0.3027
586 -999
587 -999
588 -999
589 -999
590 -999
591 -999
592 -999
593 -999
594 0.984
595 0.8973
596 0.8227
597 0.3267
598 -999
599 -999
600 -999
601 -999
602 -999
603 -999
604 0.1627
605 0.3213
606 0.0307
607 0.0693
608 0.088
609 0.1013
610 0.0947
611 0.1173
612 0.128
613 0.0773
614 0.0573
615 0.5293
616 1.732
617 -999
618 -999
619 -999
620 -999
621 -999
622 -999
623 0.628
624 0.4973
625 0.5373
626 0.064
627 0.0147
628 0.0907
629 0.7213
630 -999
631 -999
632 -999
633 1.2667
634 2
635 -999
636 -999
637 1.4387
638 0.8653
639 0.064
640 0.1493
641 0.172
642 0.104
643 0.072
644 0.0373
645 0.196
646 -999
647 0.08
648 0.1173
649 0.088
650 0.1173
651 0.2547
652 0.7333
653 1.108
654 2
655 -999
656 2
657 1.5067
658 0.9
659 0.8653
660 0.448
661 -999
662 0.088
663 0.1013
664 0.0467
665 -999
666 -999
667 -999
668 0.056
669 0.1
670 0.0427
671 0.0627
672 0.196
673 0.164
674 0.4053
675 0.716
676 1.748
677 1.6213
678 0.2747
679 -999
680 -999
681 0.1973
682 0
683 0
684 -999
685 -999
686 -999
687 -999
688 0.0787
689 0.008
690 0.7747
691 2
692 2
693 2
694 1.7427
695 0.9427
696 -999
697 0.0227
698 0.144
699 0.068
700 0.0813
701 0.152
702 0.428
703 0.512
704 0.1813
705 0.0627
706 -999
707 -999
708 0.1547
709 0.544
710 0.8813
711 0.6467
712 0.704
713 0.7947
714 0.248
715 -999
716 -999
717 0.2587
718 0.1587
719 -999
720 0.26
721 -999
722 -999
723 -999
724 -999
725 0.1133
726 0.08
727 0.048
728 -999
729 -999
730 0.068
731 0.0707
732 0.0693
733 0.1533
734 0.6707
735 0.16
736 0.3013
737 0.7053
738 1.7
739 1.7467
740 1.2053
741 1.5507
742 1.3067
743 1.2947
744 -999
745 -999
746 -999
747 0.8533
748 0.3693
749 0.2173
750 0.4133
751 0.444
752 0.2293
753 0.3573
754 0.3227
755 0.116
756 0.2867
757 -999
758 -999
759 -999
760 -999
761 0.484
762 0.88
763 0.6827
764 0.7853
765 -999
766 0.204
767 0.068
768 0.076
769 0.3747
770 0.4053
771 0.444
772 -999
773 0.184
774 0.2093
775 0.4213
776 0.768
777 -999
778 -999
779 0.8627
780 1.3347
781 1.592
782 0.984
783 1.3013
784 0.7187
785 0.4293
786 0
787 0.076
788 0
789 0.1547
790 -999
791 -999
792 0.6907
793 1.4347
794 1.3133
795 1.1733
796 -999
797 -999
798 1.2573
799 -999
800 0.1773
801 0.0427
802 0.0853
803 0.1307
804 0.5533
805 -999
806 0.9653
807 -999
808 -999
809 -999
810 1.8427
811 2
812 -999
813 -999
814 1.2373
815 0.9667
816 1.7213
817 2
818 1.2453
819 1.2587
820 1.2947
821 0.868
822 -999
823 -999
824 -999
825 -999
826 0.4827
827 0.0827
828 0.4947
829 0.0907
830 0.188
831 0.1867
832 0.044
833 0
834 0.0427
835 0.112
836 0.0827
837 0.0733
838 0.072
839 0.0653
840 0.0293
841 0.1427
842 0.5507
