1 -999
2 2
3 -999
4 -999
5 -999
6 2
7 0.548
8 0.0947
9 0.0187
10 0.0747
11 0.2667
12 2
13 2
14 -999
15 0
16 0
17 -999
18 0
19 0.404
20 0.016
21 -999
22 0.1747
23 0
24 0
25 -999
26 0.0533
27 0.3533
28 2
29 1.356
30 1.5467
31 0
32 0.1173
33 0.1227
34 2
35 0.5307
36 0.0213
37 0.344
38 1.9867
39 2
40 0.6067
41 0.224
42 0.0453
43 0.1667
44 1.068
45 0.3187
46 0.012
47 0.6067
48 0
49 0.1067
50 0.4093
51 0.3467
52 0.036
53 0.0667
54 0.1507
55 0.14
56 0.0947
57 0.0493
58 0.0373
59 -999
60 0.076
61 0.0427
62 0
63 0.6947
64 1.632
65 2
66 1.1853
67 0.0827
68 -999
69 0.1213
70 0.0147
71 0.0307
72 -999
73 -999
74 0.0093
75 0.0707
76 0.5747
77 0.136
78 0.02
79 0
80 0.2187
81 0.0947
82 0.1733
83 -999
84 0.5693
85 0.8867
86 0.3493
87 0.1453
88 0.0387
89 0.232
90 0.0333
91 0.4867
92 2
93 0.924
94 1.1867
95 2
96 1.6213
97 0.1587
98 0.008
99 0.4253
100 0.9107
101 0.7133
102 1.5173
103 1.504
104 1.332
105 1.832
106 0
107 0.0933
108 0.0227
109 0
110 -999
111 0
112 0
113 0.16
114 2
115 1.7267
116 0.7093
117 0.332
118 1.1147
119 0.968
120 -999
121 0.484
122 0.1213
123 0.9573
124 0.1067
125 0.0907
126 0.0987
127 0.064
128 0.06
129 0
130 -999
131 -999
132 0.0773
133 0.2867
134 0.1413
135 0.0067
136 0.1747
137 0.2427
138 0.3
139 0.3867
140 0.1867
141 0.016
142 0.0293
143 0.0733
144 0
145 0.032
146 0.0667
147 0.152
148 1.2587
149 0.668
150 1.4
151 0.1893
152 0.0267
153 -999
154 -999
155 -999
156 0.0253
157 0.0427
158 0.0053
159 0.032
160 0.328
161 0.3973
162 0.2467
163 0.2093
164 1.6987
165 0.4133
166 0.0133
167 0.3107
168 2
169 0
170 0.156
171 0.2
172 0.3933
173 0.144
174 0.6267
175 0.0413
176 0.032
177 0.0173
178 0.3267
179 1.512
180 1.0427
181 1.5067
182 0.0387
183 0.104
184 0.0453
185 0.356
186 0.1773
187 0.1613
188 0.1347
189 0.38
190 0.1773
191 -999
192 0.1027
193 0.0693
194 0.0453
195 0.4867
196 1.82
197 2
198 0.0493
199 0.124
200 0.528
201 0.0493
202 1.7427
203 1.2107
204 0.164
205 0.068
206 0
207 0.0253
208 0.072
209 0.02
210 0.1813
211 0.192
212 0.0707
213 0.016
214 0.0173
215 0.0413
216 0.028
217 0
218 0.1293
219 0.2187
220 0.6733
221 0.7453
222 0.544
223 0.476
224 0.5267
225 0.0387
226 0.0093
227 0.0053
228 0.076
229 0.1427
230 0.4
231 1.1
232 -999
233 0.2067
234 0.1053
235 0.128
236 0.164
237 0.328
238 1.628
239 1.824
240 0
241 0.0093
242 0.184
243 1.7027
244 0.4587
245 0.2787
246 0.0653
247 0.032
248 0.0413
249 0.0373
250 0.0213
251 0.0973
252 0.028
253 0.2
254 0.276
255 -999
256 0.5893
257 0.4787
258 0.1427
259 0.1893
260 0.4307
261 0.0053
262 -999
263 0.0253
264 0.0027
265 0.0227
266 0.0093
267 0
268 -999
269 -999
270 0.04
271 0.516
272 0.0253
273 0.0547
274 0.0187
275 0.4747
276 1.1227
277 1.4947
278 0.9173
279 0.2413
280 0.0107
281 -999
282 0.004
283 0
284 0.164
285 1.8133
286 1.0453
287 0.1933
288 0.0027
289 0.044
290 0.0453
291 0.0333
292 0.0093
293 0.052
294 1.0213
295 1.1693
296 1.6773
297 2
298 2
299 2
300 1.8427
301 0.9787
302 1.4093
303 0.0453
304 0.048
305 0.012
306 0.0213
307 0.0667
308 0.0493
309 0.1307
310 0.3987
311 0.908
312 0.0333
313 0.8053
314 0.156
315 0.2973
316 0.5347
317 0.9267
318 1.2573
319 1.2107
320 0.3
321 0.6493
322 1.1227
323 1.9933
324 2
325 1.4053
326 0.8373
327 1.8213
328 1.42
329 1.1813
330 0.4227
331 0.168
332 0.0827
333 0.156
334 0.6333
335 2
336 0.7627
337 0
338 0.0613
339 0.1147
340 0.392
341 -999
342 0.344
343 1.2027
344 -999
345 0.7493
346 0.188
347 0.244
348 0.1693
349 0.4267
350 0.9453
351 1.2733
352 0.9627
353 0.436
354 0.232
355 0.4107
356 0.3307
357 0.18
358 0.2467
359 0.4373
360 1.056
361 1.4013
362 2
363 2
364 1.6307
365 2
366 1.8587
367 0.8947
368 0.2213
369 0.1867
370 0.7427
371 1.0133
372 2
373 2
374 2
375 0.5813
376 0.0747
377 0.0347
378 0.0333
379 0.28
380 1.7947
381 1.776
382 2
383 0.1107
384 -999
385 0.0347
386 0.016
387 0.8853
388 1.6493
389 2
390 0.8067
391 0.0507
392 0.2107
393 1.7387
394 0.252
395 0.052
396 0.3093
397 1.2707
398 0.304
399 0.0533
400 0.04
401 0.008
402 0.088
403 0.7347
404 2
405 2
406 0.4373
407 0.2333
408 0.2333
409 0.2933
410 0.3347
411 0.5707
412 1.972
413 0.4867
414 0.248
415 0.0907
416 0.1227
417 0.0867
418 0.032
419 0.0693
420 0.236
421 0.7907
422 -999
423 1.0333
424 0.412
425 0.2
426 0.228
427 0.24
428 0.304
429 0.1533
430 0.248
431 -999
432 -999
433 0.428
434 0.3133
435 0.3147
436 0.2613
437 0.22
438 0.1653
439 0.5587
440 -999
441 2
442 1.1093
443 0.5507
444 0.644
445 0.6867
446 0.0187
447 0.0173
448 -999
449 0.0147
450 0.008
451 0.0373
452 0.0787
453 0.864
454 0.4427
455 0.4227
456 0.392
457 0.6267
458 0.6827
459 0.7533
460 0.032
461 0.0253
462 -999
463 0.0227
464 0.0693
465 -999
466 0.068
467 0.0573
468 0.0307
469 0.0933
470 0.576
471 1.0693
472 1.068
473 0.8533
474 1.3507
475 0.504
476 0.404
477 0.0107
478 -999
479 0.024
480 0.0533
481 0.044
482 0.0333
483 0.0107
484 0.02
485 0.036
486 0.904
487 1.1533
488 0.5587
489 0.6627
490 0.6187
491 0.0547
492 0.2667
493 1.6107
494 0.6373
495 0.5733
496 0
497 0.0053
498 0
499 0
500 0.0293
501 0.74
502 0.964
503 0.696
504 1.36
505 2
506 1.824
507 1.7373
508 0.052
509 0.0187
510 0.12
511 0.052
512 0.2547
513 2
514 2
515 1.82
516 2
517 0.868
518 0.5347
519 -999
520 0.012
521 0.0733
522 -999
523 0.0053
524 0.0373
525 0.0573
526 0.0173
527 0.1293
528 0.0693
529 0.2827
530 1.9213
531 0.1733
532 0.324
533 0.7893
534 1.5827
535 -999
536 0.5013
537 0.888
538 -999
539 -999
540 -999
541 -999
542 1.1547
543 0.1067
544 0.0227
545 0.448
546 0.7453
547 2
548 2
549 2
550 0.256
551 0.0773
552 0.0893
553 0.096
554 0.1653
555 0.5573
556 0
557 0.108
558 0.0413
559 0.1
560 0.544
561 -999
562 1.3067
563 0.4427
564 0.1213
565 0.0333
566 0.076
567 0.16
568 0.3293
569 0.2573
570 0.2173
571 0.1373
572 0.1453
