1 0.0653
2 0
3 0
4 0
5 0
6 0
7 0
8 0.0267
9 0
10 0.0267
11 0
12 0
13 0.0133
14 -999
15 -999
16 0.052
17 0.0267
18 0.2733
19 0.4027
20 0.1693
21 1.4027
22 1.0387
23 0.0907
24 0.0133
25 0
26 0
27 -999
28 0.0133
29 0
30 0.0133
31 0
32 0
33 0.052
34 0.2333
35 1.2853
36 2
37 1.844
38 1.4413
39 0.728
40 -999
41 -999
42 -999
43 -999
44 -999
45 -999
46 -999
47 -999
48 -999
49 -999
50 -999
51 -999
52 -999
53 -999
54 -999
55 -999
56 -999
57 -999
58 -999
59 -999
60 -999
61 -999
62 -999
63 -999
64 -999
65 -999
66 -999
67 -999
68 -999
69 -999
70 1.48
71 0.1427
72 0.0133
73 0.0653
74 0.0387
75 0.0133
76 0.0133
77 0
78 0.0133
79 0.104
80 0.0133
81 0
82 0
83 0
84 0.0267
85 0
86 0.0133
87 0.0773
88 0.0133
89 0.0133
90 0.0133
91 0.0267
92 -999
93 0.0387
94 0
95 0
96 0.0133
97 0.0133
98 0
99 0.0133
100 0.0133
101 0
102 0
103 0
104 0
105 0.1173
106 0.7147
107 0.364
108 0.5453
109 1.312
