1 -999
2 0.0573
3 0.028
4 0.028
5 0.0427
6 -999
7 0.0427
8 0.0133
9 0
10 0.0133
11 0.0133
12 0.028
13 0.0427
14 0.0573
15 0.0707
16 0.4707
17 0.0853
18 0
19 0.1427
20 0.612
21 1.168
22 1.352
23 -999
24 1.124
25 1.6373
26 0.2413
27 0.1
28 0.1707
29 0.0707
30 0.0427
31 0.028
32 0.0427
33 0.0707
34 0.0573
35 0.0573
36 0.0853
37 1.7507
38 0.484
39 2
40 -999
41 0.2133
42 0.028
43 0
44 0.0707
45 0.1707
46 0.7547
47 0.128
48 1.48
49 0.868
50 -999
51 0.0853
52 0
53 0.0573
54 0.0853
55 0.2
56 0.356
57 1.6507
58 0.1147
59 0.1
60 0.028
61 0.0573
62 0.1
63 0.0707
64 0.2
65 0.1853
66 0.1707
67 0.228
68 0.0133
69 0.0707
70 0.0853
71 0.0853
72 0.0573
73 0.0853
74 1.096
75 0.0427
76 0.028
77 0.0427
78 0.1
79 0.0707
80 0.0707
81 0.0853
82 0.128
83 0.1
