1 2
2 0
3 2
4 0.3493
5 1.3333
6 1.812
7 0.608
8 0.9973
9 1.0107
10 0.5813
11 0.5947
12 0.44
13 0
14 0
15 0.3627
16 0.2987
17 0.376
18 0.0267
19 0.1293
20 0.208
21 0
22 0
23 0
24 1.216
25 0.9573
26 0
27 0
28 0
29 0
30 0.1173
31 0
32 0
33 0
34 0
35 0.2853
36 0.48
37 0.208
38 0
39 0
40 0
41 0
42 1.4507
43 0
44 0
45 0.0773
46 0
47 0
48 0
49 0
50 0
51 0.22
52 0
53 0.8933
54 0.8027
55 0.44
56 1.7213
57 0.2587
58 0.5573
59 0.1173
60 1.088
61 0
62 0.4133
63 0.0507
64 0
65 0.66
66 0
67 1.0613
68 0.064
69 0.932
70 0
71 0.8027
72 0
73 0.44
74 0.1947
75 0
76 1.1907
77 0
78 0
79 0
80 -999
81 -999
82 -999
