1 0.48
2 0.16
3 0
4 0.0373
5 0.2093
6 0.0987
7 0.2947
8 0.1347
9 0
10 0.012
11 0.0613
12 0.0373
13 0
14 0
15 0
16 0
17 0.0373
18 0.024
19 0
20 0
21 0
22 -999
23 0
24 0
25 0
26 0
27 0.012
28 0.012
29 0.024
30 0.012
31 0.012
32 0.024
33 0.024
34 0.0373
35 0.012
36 0.012
37 0
38 -999
39 -999
40 0
41 0
42 0.0373
43 0.0613
44 0.0373
45 0.024
46 0.024
47 0.024
48 0.024
49 0
50 0
51 0
52 0
53 0.0493
54 0.2333
55 0.2093
56 0.2587
57 0.0373
58 0
59 0.1107
60 0.848
61 2
62 2
63 2
64 -999
65 -999
66 -999
67 -999
68 -999
69 -999
70 -999
71 -999
72 -999
73 -999
74 -999
75 -999
76 -999
77 -999
78 -999
79 -999
80 2
81 1.0813
82 2
83 0.54
84 0.0867
85 0
86 0.024
87 0.024
88 0
89 0
90 0.0373
91 0.0373
92 0.0373
93 0.024
94 0.0373
95 0.0373
96 0.012
97 0.0373
98 0.0867
99 0.0987
100 0.0987
101 0
102 0.012
103 0.1107
104 1.1427
105 0.332
106 -999
107 -999
108 0.4547
109 0.996
110 1.0933
111 1.192
112 1.328
113 1.548
114 1.2653
115 -999
