1 0.076
2 0.0
3 0.363
4 0.61
5 1.0
6 1.0
7 1.0
8 0.107
9 0.359
10 0.157
11 0.55
12 0.416
13 1.0
14 1.0
15 0.303
16 0.012
17 1.0
18 0.042
19 0.036
20 0.0
21 0.0
22 0.019
23 0.007
24 0.029
25 0.049
26 0.0
27 0.016
28 0.004
29 0.065
30 0.002
31 0.002
32 0.002
33 0.006
34 0.021
35 0.045
36 0.012
37 0.208
38 0.515
39 0.4
40 0.769
41 0.617
42 0.418
43 0.83
44 1.0
45 0.009
46 0.0
47 0.034
48 0.069
49 0.095
50 0.005
51 0.028
52 0.064
53 0.004
54 0.082
55 0.027
56 0.212
57 0.282
58 0.183
59 0.068
60 0.042
61 0.091
62 0.339
63 0.987
64 1.0
65 0.974
66 0.004
67 0.018
68 0.058
69 0.0
70 0.0
71 0.0
72 0.005
73 0.0
74 0.011
75 0.0
76 0.011
77 0.0
