1 0.065
2 0.031
3 0.038
4 0.038
5 0.027
6 0.025
7 0.07
8 0.121
9 0.044
10 0.025
11 0.002
12 0.012
13 0.083
14 0.513
15 0.142
16 1.0
17 1.0
18 1.0
19 1.0
20 0.403
21 0.083
22 0.007
23 0.005
24 0.008
25 0.018
26 0.0
27 0.007
28 0.007
29 0.014
30 0.046
31 0.075
32 0.402
33 1.0
34 0.981
35 1.0
36 0.395
37 0.834
38 1.0
39 0.045
40 0.014
41 0.051
42 0.006
43 0.031
44 0.022
45 0.016
46 0.038
47 0.22
48 0.002
49 0.0
50 0.007
51 0.001
52 0.007
53 0.015
54 0.038
55 0.083
56 0.052
57 0.015
58 0.038
59 0.0
60 0.019
61 0.011
62 0.003
63 0.006
64 0.009
65 0.014
66 0.032
67 0.035
68 0.079
69 0.054
70 0.019
71 0.041
72 0.042
73 0.182
74 0.023
75 0.073
76 0.226
