1 0.0
2 0.0
3 0.063
4 0.01
5 0.05
6 0.159
7 0.196
8 0.199
9 0.622
10 0.132
11 0.207
12 0.842
13 0.433
14 0.404
15 0.29
16 0.604
17 0.132
18 0.254
19 0.627
20 0.213
21 0.0
22 0.106
23 0.038
24 0.08
25 0.036
26 0.671
27 0.621
28 0.751
29 0.0
30 0.0
31 0.027
32 0.0
33 0.084
34 0.054
35 0.0
36 0.0
37 0.0
38 0.099
39 0.099
40 0.0
41 0.066
42 0.02
43 0.065
44 0.009
45 0.14
46 0.0
47 0.292
48 0.16
49 0.106
50 0.196
51 0.149
52 0.008
53 0.079
54 0.1
55 0.82
56 0.97
57 1.0
58 1.0
59 0.149
60 0.089
61 0.0
62 0.015
63 0.998
64 0.392
