1 -999
2 -999
3 -999
4 0.371
5 0.11
6 0.303
7 0.894
8 -999
9 -999
10 -999
11 -999
12 -999
13 -999
14 0.225
15 -999
16 -999
17 -999
18 -999
19 -999
20 1.0
21 0.973
22 0.103
23 0.474
24 -999
25 -999
26 0.206
27 -999
28 -999
29 1.0
30 -999
31 0.63
32 1.0
33 1.0
34 -999
35 -999
36 0.029
37 0.015
38 0.024
39 -999
40 -999
41 -999
42 -999
43 0.682
44 0.772
45 0.0
46 0.0
47 -999
48 -999
49 0.29
50 0.406
51 0.058
52 0.158
53 -999
54 -999
55 -999
56 -999
57 1.0
58 0.92
59 -999
60 -999
61 0.049
62 0.006
63 -999
64 -999
65 1.0
66 -999
67 0.076
68 0.298
69 -999
70 -999
71 -999
72 1.0
73 -999
74 -999
75 -999
76 -999
77 0.901
