1 -999
2 -999
3 0.0
4 -999
5 -999
6 -999
7 -999
8 -999
9 0.248
10 0.171
11 -999
12 -999
13 -999
14 0.709
15 1.0
16 -999
17 0.193
18 0.144
19 0.142
20 -999
21 -999
22 0.0
23 -999
24 -999
25 0.0
26 0.173
27 0.0
28 0.139
29 0.104
30 -999
31 -999
32 -999
33 0.159
34 -999
35 -999
36 0.046
37 0.252
38 0.055
39 0.35
40 -999
41 1.0
42 1.0
43 1.0
44 1.0
45 1.0
46 0.214
47 -999
48 -999
49 0.997
50 -999
51 -999
52 -999
53 0.14
54 -999
55 -999
56 0.668
57 -999
58 0.378
59 1.0
60 0.548
61 -999
62 -999
63 -999
64 0.253
65 -999
