1 -0.017
2 0.083
3 0.033
4 0.017
5 0
6 -0.033
7 0
8 0
9 0
10 0.033
11 0.134
12 0.401
13 1.285
14 1.335
15 0.901
16 0.234
17 0.067
18 0
19 -0.017
20 -0.017
21 0
22 0.017
23 0.05
24 0.401
25 1.586
26 0.768
27 0.1
28 0.033
29 0.017
30 0.284
31 0.234
32 0.083
33 0.017
34 0.384
35 0.918
36 0.217
37 0.868
38 1.319
39 0.985
40 1.385
41 1.035
42 0.417
43 0.184
44 0.684
45 1.052
46 0.534
47 0.401
48 0.334
49 0.451
50 0.634
51 1.052
52 3.255
53 3.171
54 0.818
55 0.951
56 0.217
57 0.818
58 0.067
59 0.851
60 0.401
61 0.367
62 0.751
63 0.167
64 0.134
65 1.018
66 3.055
67 0.25
68 0.267
69 2.571
70 0.2
71 0.067
72 0.083
73 0.618
74 0.317
75 0.134
76 0.1
77 0.05
78 0.25
79 0.184
80 0.083
81 0.05
82 0
83 0.1
84 0.284
85 2.621
86 0.417
87 0.401
88 2.554
89 0.401
90 0.634
91 0.117
92 0.05
93 0.033
94 0.1
95 0.117
96 0.083
97 0.05
98 0.1
99 0.517
100 0.918
101 0.417
102 0.067
103 0.134
104 0.267
105 0.317
106 0.134
107 1.936
108 2.554
109 0.885
110 0.317
111 0.351
112 -0.017
113 0.033
114 0.401
115 0.033
116 -0.083
117 0.083
118 0.234
119 0.885
120 -999

