1 0.303
2 0.051
3 0
4 0.279
5 0.306
6 0.45
7 0.478
8 0.333
9 0.135
10 0.123
11 0.077
12 0.125
13 1.261
14 0.584
15 0.971
16 1.406
17 1.819
18 1.404
19 1.154
20 1.359
21 0.112
22 0.126
23 0.07
24 0.12
25 0.109
26 0.124
27 0.048
28 0.182
29 0.365
30 1.33
31 1.664
32 0.046
33 0.003
34 0.04
35 0.065
36 0.045
37 0
38 0.033
39 0.248
40 0.026
41 0
42 0.016
43 0.016
44 0
45 0
46 0
47 0.286
48 0.497
49 0.498
50 0.577
51 0.097
52 0.022
53 0.026
54 0.001
55 0
56 0
57 0.45
58 0.068
59 0.038
60 0.017
61 0.004
62 0.015
63 0.011
64 0
65 0
66 0
67 0
68 0.009
69 0.07
70 0.036
71 0
72 0
73 0.027
74 0.052
75 0.106
76 0.317
77 0.352
78 2.747
79 0.279
80 0.216
81 0.038
82 0
83 0
84 0.023
85 0.277
86 1.707
87 0.16
88 0.465
89 0.026
90 0.021
91 0.016
92 0.005
93 0.011
94 0.015
95 0
96 0
97 0.021
98 0.015
99 0
100 0.004
101 0
102 0.013
103 0.036
104 0.038
105 0.029
106 0.019
107 0
108 0
109 0.001
110 0.062
111 1.439
112 0.03
113 0.03
114 0.014
115 0.011
116 0
117 0
118 0
119 0.001
120 0
121 0.025
122 0.119
123 0.425
124 0.265
125 1.206
126 1.543
127 0.214
128 0.001
129 0.015
130 0
131 0.008
132 0.001
133 0.134
134 0.043
135 0.012
136 0.024
137 0.02
138 0.017
139 0.021
140 0
141 0
142 0
143 0.255
144 0.302
145 0.535
146 0.897
147 1.443
148 0.843
149 0.483
150 0.779
151 0.76
152 0.774
153 0.154
154 0.011
155 0.002
156 0.013
157 0
158 0.012
159 0
160 0
161 0.034
162 0.013
163 0.035
164 0.133
165 1.017
166 0.52
167 0.382
168 0.165
169 0.048
170 0.024
171 0.011
172 0
173 0.015
174 0.036
175 0.372
176 0.169
177 0.375
178 0.434
179 0.789
180 1.539
181 3.539
182 2.106
183 2.537
184 2.425
185 1.644
186 0.614
187 0.874
188 0.794
189 0.385
190 0.144
191 0.176
192 0.117
193 0
194 0
195 0
196 0
197 0.248
198 0.691
199 0.58
200 0.936
201 0.997
202 0.864
203 0.961
204 1.043
205 1.522
206 1.236
207 1.09
208 1.519
209 0.937
210 1.231
211 1.148
212 2.41
213 2.614
214 0.98
215 1.582
216 1.69
217 1.681
218 0.655
219 0.901
220 0.028
221 0.008
222 0.008
223 0.013
224 0.178
225 0.184
226 0.31
227 0.342
228 0.412
229 0.386
230 0.29
231 0.17
232 0.126
233 1.078
234 2.297
235 2.924
236 2.819
237 3.178
238 0.153
239 0.078
240 0.127
241 0.387
242 0.176
243 0.244
244 0.198
245 0.192
246 0.949
247 0.992
248 0.673
249 1.103
250 1.296
251 0.873
252 0.313
253 0.174
254 0.516
255 1.533
256 1.174
257 0.014
258 0.057
259 0
260 0.058
261 1.333
262 2.959
263 3.089
264 1.965
265 1.014
266 0.853
267 0.107
268 0.159
269 0.088
270 0.18
271 -999
272 0.038
273 0.096
274 0.178
275 -999
276 0.062
277 0.075
278 0.187
279 0.727
280 1.334
281 0.232
282 0.068
283 0.115
284 0.112
285 0
286 0.104
287 0.049
288 0.18
289 0.184
290 0.167
291 0.09
292 0
293 0.225
294 0.165
295 0.631
296 0.114
297 0.086
298 0.204
299 0.077
300 0.124
301 0.058
302 1.443
303 0.138
304 0.092
305 0.069
306 0.139
307 0.268
308 0.21
309 0.281
310 0.183
311 0.053
312 0.09
313 0.097
314 0.716
315 2.141
316 0.135
317 0.111
318 0.086
319 0.174
320 0.136
321 0.1
322 0.139
323 0.101
324 0.088
325 0.084
326 0.054
327 0.045
328 0.017
329 0.227
330 0.738
331 0.673
332 0.617
333 0.245
334 0.122
335 0.241
336 0.023
337 0.052
338 0.066
339 0.076
340 0.071
341 0.088
342 0.096
343 0.058
344 0.043
345 0.397
346 1.299
347 0.471
348 0.373
349 0.403
350 0.048
351 0.011
352 0.068
353 0.541
354 0.95
355 2.565
356 1.079
357 0.649
358 0.048
359 0.112
360 0.129
361 0.078
362 0.054
363 0.028
364 0.147
365 0.06
366 0.088
367 0.066
368 0.088
369 0.191
370 0.55
371 0.831
372 1.553
373 1.592
374 1.13
375 0.675
376 0.649
377 0.336
378 0.066
379 0.076
380 0.035
381 0.042
382 0.075
383 0.032
384 0.047
385 0.147
386 0.123
387 0.304
388 0.537
389 1.311
390 1.216
391 0.206
392 0.148
393 0
394 0
395 0.059
396 0.006
397 0.581
398 2.705
399 3.252
400 3.156
401 1.307
402 0.707
403 0.017
404 0.108
405 0.051
406 0.061
407 0.114
408 0.321
409 0.384
410 0.136
411 0.047
412 0.116
413 0.408
414 0.661
415 0.485
416 0.528
417 0.596
418 0.186
419 0.194
420 0.119
421 0.195
422 0.085
423 0.06
424 0.036
425 0.051
426 0.053
427 0.052
428 0.115
429 0.503
430 0.12
431 0.226
432 0.529
433 1.275
434 1.31
435 0.904
436 1.163
437 0.98
438 0.971
439 0.64
440 0.277
441 0.163
442 0.31
443 0.333
444 0.172
445 0.268
446 0.242
447 0.087
448 0.215
449 0.363
450 0.66
451 0.512
452 0.589
453 0.153
454 0.051
455 0.057
456 0.281
457 0.304
458 0.333
459 0.138
460 0.157
461 0.316
462 0.576
463 0.647
464 1.001
465 1.194
466 0.738
467 0.976
468 0.539
469 0.322
470 0
471 0.057
472 0
473 0.116
474 0.518
475 1.076
476 0.985
477 0.88
478 0.943
479 0.133
480 0.032
481 0.064
482 0.098
483 0.415
484 0.724
485 1.382
486 1.663
487 0.928
488 0.725
489 1.291
490 2.061
491 0.934
492 0.944
493 0.971
494 0.651
495 0.362
496 0.062
497 0.371
498 0.068
499 0.141
500 0.14
501 0.033
502 0
503 0.032
504 0.084
505 0.062
506 0.055
507 0.054
508 0.049
509 0.022
510 0.107
511 0.413

