1 -999
2 -999
3 -999
4 -999
5 0.018
6 -999
7 -999
8 -999
9 1.5
10 0.309
11 -999
12 -999
13 -999
14 0.174
15 -999
16 0.462
17 0.474
18 0.549
19 1.29
20 -999
21 -999
22 -999
23 -999
24 -999
25 -999
26 1.5
27 1.5
28 1.5
29 0.005
30 0.051
31 0.088
32 0.0
33 0.0
34 -999
35 -999
36 -999
37 -999
38 1.5
39 -999
40 0.012
41 -999
42 0.246
43 0.044
44 0.051
45 0.0
46 -999
47 -999
48 -999
49 0.736
50 1.5
51 -999
52 0.165
53 0.069
54 0.122
55 -999
56 1.5
57 1.5
58 -999
59 -999
60 -999
61 -999
62 0.392
63 0.0
64 0.25
