1 0.094
2 -999
3 -999
4 -999
5 -999
6 -999
7 0.066
8 0.186
9 -999
10 -999
11 -999
12 0.81
13 0.758
14 -999
15 0.134
16 0.122
17 0.171
18 -999
19 -999
20 0.087
21 -999
22 -999
23 0.082
24 0.07
25 0.115
26 0.078
27 0.064
28 -999
29 -999
30 -999
31 0.075
32 -999
33 -999
34 0.021
35 0.261
36 0.051
37 0.118
38 -999
39 0.021
40 -999
41 -999
42 1.496
43 1.486
44 1.5
45 0.046
46 -999
47 0.018
48 -999
49 -999
50 0.946
51 -999
52 -999
53 -999
54 0.096
55 -999
56 -999
57 0.804
58 -999
59 1.234
60 1.5
61 1.203
62 -999
63 -999
64 -999
65 0.024
66 -999
