1 6.426
2 -0.048
3 3.32
4 0.262
5 1
6 1.359
7 0.456
8 0.748
9 0.758
10 0.436
11 0.446
12 0.33
13 -2.456
14 -2.301
15 0.272
16 0.224
17 0.282
18 0.02
19 0.097
20 0.156
21 -0.214
22 -0.388
23 -1.456
24 0.912
25 0.718
26 -0.31
27 -0.378
28 -0.476
29 -0.106
30 0.088
31 -0.708
32 -0.301
33 0
34 -0.34
35 0.214
36 0.36
37 0.156
38 -0.088
39 -0.146
40 -0.204
41 -0.854
42 1.088
43 -0.038
44 -2.291
45 0.058
46 -0.428
47 -0.058
48 -0.078
49 -0.31
50 -0.038
51 0.165
52 -0.252
53 0.67
54 0.602
55 0.33
56 1.291
57 0.194
58 0.418
59 0.088
60 0.816
61 -1.194
62 0.31
63 0.038
64 -0.893
65 0.495
66 -0.33
67 0.796
68 0.048
69 0.699
70 -0.146
71 0.602
72 -0.097
73 0.33
74 0.146
75 -0.776
76 0.893
77 -1.495
78 -1.369
79 -1.204
80 -999
81 -999
82 -999
